// MilkShape 3D ASCII

Frames: 1
Frame: 18

Meshes: 1
"Cylinder.007" 0 5
64
0 0.000000 0.000000 -26.000000 0.046244 0.889081 -1
0 0.000000 2.080000 -23.400000 0.063374 0.877413 -1
0 8.954793 2.080000 -21.618780 0.029901 0.796305 -1
0 9.949770 0.000000 -24.020866 0.009602 0.800524 -1
0 16.546299 2.080000 -16.546297 0.030015 0.708532 -1
0 18.384775 0.000000 -18.384775 0.009637 0.704682 -1
0 21.618780 2.080000 -8.954792 0.063589 0.627448 -1
0 24.020866 0.000000 -9.949769 0.046230 0.616115 -1
0 23.400000 2.080000 0.000001 0.125643 0.565411 -1
0 26.000000 0.000000 0.000001 0.113949 0.548297 -1
0 21.618780 2.080000 8.954794 0.206711 0.531861 -1
0 24.020866 0.000000 9.949772 0.202467 0.511575 -1
0 16.546299 2.080000 16.546297 0.294452 0.531927 -1
0 18.384775 0.000000 18.384775 0.298302 0.511560 -1
0 8.954793 2.080000 21.618780 0.375495 0.565556 -1
0 9.949771 0.000000 24.020866 0.386850 0.548214 -1
0 0.000004 2.080000 23.400000 0.437483 0.627670 -1
0 0.000004 0.000000 26.000000 0.454616 0.615991 -1
0 -8.954787 2.080000 21.618782 0.471019 0.708767 -1
0 -9.949763 0.000000 24.020870 0.491316 0.704530 -1
0 -16.546295 2.080000 16.546303 0.470938 0.796533 -1
0 -18.384771 0.000000 18.384783 0.491316 0.800382 -1
0 -21.618780 2.080000 8.954796 0.437324 0.877602 -1
0 -24.020866 0.000000 9.949773 0.454679 0.888949 -1
0 -23.399998 2.080000 -0.000000 0.375225 0.939617 -1
0 -26.000000 0.000000 -0.000000 0.386917 0.956740 -1
0 -21.618778 2.080000 -8.954797 0.294146 0.973179 -1
0 -24.020866 0.000000 -9.949774 0.298396 0.993466 -1
0 -16.546293 2.080000 -16.546303 0.206398 0.973125 -1
0 -18.384769 0.000000 -18.384783 0.202555 0.993492 -1
0 -19.456902 1.560000 8.059316 0.426907 0.870682 -1
0 -21.059998 1.560000 -0.000000 0.368245 0.929235 -1
0 -8.954782 2.080000 -21.618786 0.125354 0.939509 -1
0 -9.949758 0.000000 -24.020874 0.114006 0.956850 -1
0 0.000000 0.000000 -26.000000 0.547006 0.617617 -1
0 9.949770 0.000000 -24.020866 0.510470 0.705823 -1
0 18.384775 0.000000 -18.384775 0.510470 0.801297 -1
0 24.020866 0.000000 -9.949769 0.547006 0.889503 -1
0 26.000000 0.000000 0.000001 0.614516 0.957013 -1
0 24.020866 0.000000 9.949772 0.702722 0.993549 -1
0 18.384775 0.000000 18.384775 0.798196 0.993549 -1
0 9.949771 0.000000 24.020866 0.886402 0.957013 -1
0 0.000004 0.000000 26.000000 0.953912 0.889503 -1
0 -9.949763 0.000000 24.020870 0.990448 0.801297 -1
0 -18.384771 0.000000 18.384783 0.990448 0.705823 -1
0 -24.020866 0.000000 9.949773 0.953912 0.617617 -1
0 -26.000000 0.000000 -0.000000 0.886402 0.550107 -1
0 -24.020866 0.000000 -9.949774 0.798196 0.513571 -1
0 -18.384769 0.000000 -18.384783 0.702722 0.513571 -1
0 -9.949758 0.000000 -24.020874 0.614516 0.550107 -1
0 8.059314 1.560000 -19.456902 0.042167 0.793859 -1
0 0.000000 1.560000 -21.059998 0.073758 0.870459 -1
0 -8.059303 1.560000 -19.456907 0.132274 0.929106 -1
0 -14.891664 1.560000 -14.891673 0.208806 0.960858 -1
0 -19.456900 1.560000 -8.059317 0.291672 0.960926 -1
0 -14.891664 1.560000 14.891673 0.458658 0.794118 -1
0 -8.059308 1.560000 19.456903 0.458757 0.711230 -1
0 0.000003 1.560000 21.059998 0.427092 0.634637 -1
0 8.059315 1.560000 19.456902 0.368567 0.575961 -1
0 14.891668 1.560000 14.891666 0.292036 0.544192 -1
0 19.456902 1.560000 8.059315 0.209179 0.544111 -1
0 21.059998 1.560000 0.000001 0.132621 0.575783 -1
0 19.456902 1.560000 -8.059313 0.074011 0.634356 -1
0 14.891668 1.560000 -14.891666 0.042302 0.710949 -1
34
0.123311 0.774909 -0.619927
0.351161 0.774909 -0.525549
0.525549 0.774909 -0.351161
0.619927 0.774909 -0.123311
0.619927 0.774909 0.123311
0.525549 0.774909 0.351161
0.351161 0.774909 0.525549
0.123311 0.774909 0.619927
-0.123311 0.774909 0.619927
-0.351160 0.774910 0.525549
-0.525549 0.774909 0.351161
-0.619927 0.774909 0.123311
-0.619927 0.774909 -0.123311
-0.525549 0.774909 -0.351161
0.216729 0.975280 -0.043110
-0.351161 0.774909 -0.525549
-0.123311 0.774909 -0.619927
0.000000 -1.000000 0.000000
0.000000 1.000000 0.000000
0.183734 0.975280 -0.122767
0.122767 0.975280 -0.183734
0.043110 0.975280 -0.216729
-0.043110 0.975280 -0.216729
-0.122767 0.975280 -0.183734
-0.183734 0.975280 -0.122767
-0.216729 0.975280 -0.043110
-0.216729 0.975280 0.043110
-0.183734 0.975280 0.122767
-0.122767 0.975280 0.183734
-0.043110 0.975280 0.216728
0.043110 0.975280 0.216729
0.122767 0.975280 0.183734
0.183734 0.975280 0.122767
0.216729 0.975280 0.043110
92
0 0 1 2 0 0 0 1
0 0 2 3 0 0 0 1
0 3 2 4 1 1 1 1
0 3 4 5 1 1 1 1
0 5 4 6 2 2 2 1
0 5 6 7 2 2 2 1
0 7 6 8 3 3 3 1
0 7 8 9 3 3 3 1
0 9 8 10 4 4 4 1
0 9 10 11 4 4 4 1
0 11 10 12 5 5 5 1
0 11 12 13 5 5 5 1
0 13 12 14 6 6 6 1
0 13 14 15 6 6 6 1
0 15 14 16 7 7 7 1
0 15 16 17 7 7 7 1
0 17 16 18 8 8 8 1
0 17 18 19 8 8 8 1
0 19 18 20 9 9 9 1
0 19 20 21 9 9 9 1
0 21 20 22 10 10 10 1
0 21 22 23 10 10 10 1
0 23 22 24 11 11 11 1
0 23 24 25 11 11 11 1
0 25 24 26 12 12 12 1
0 25 26 27 12 12 12 1
0 27 26 28 13 13 13 1
0 27 28 29 13 13 13 1
0 22 30 31 14 14 14 1
0 22 31 24 14 14 14 1
0 29 28 32 15 15 15 1
0 29 32 33 15 15 15 1
0 33 32 1 16 16 16 1
0 33 1 0 16 16 16 1
0 34 35 36 17 17 17 1
0 34 36 37 17 17 17 1
0 34 37 38 17 17 17 1
0 34 38 39 17 17 17 1
0 34 39 40 17 17 17 1
0 34 40 41 17 17 17 1
0 34 41 42 17 17 17 1
0 34 42 43 17 17 17 1
0 34 43 44 17 17 17 1
0 34 44 45 17 17 17 1
0 34 45 46 17 17 17 1
0 34 46 47 17 17 17 1
0 34 47 48 17 17 17 1
0 34 48 49 17 17 17 1
0 50 51 52 18 18 18 1
0 50 52 53 18 18 18 1
0 50 53 54 18 18 18 1
0 50 54 31 18 18 18 1
0 50 31 30 18 18 18 1
0 50 30 55 18 18 18 1
0 50 55 56 18 18 18 1
0 50 56 57 18 18 18 1
0 50 57 58 18 18 18 1
0 50 58 59 18 18 18 1
0 50 59 60 18 18 18 1
0 50 60 61 18 18 18 1
0 50 61 62 18 18 18 1
0 50 62 63 18 18 18 1
0 20 55 30 19 19 19 1
0 20 30 22 19 19 19 1
0 18 56 55 20 20 20 1
0 18 55 20 20 20 20 1
0 16 57 56 21 21 21 1
0 16 56 18 21 21 21 1
0 14 58 57 22 22 22 1
0 14 57 16 22 22 22 1
0 12 59 58 23 23 23 1
0 12 58 14 23 23 23 1
0 10 60 59 24 24 24 1
0 10 59 12 24 24 24 1
0 8 61 60 25 25 25 1
0 8 60 10 25 25 25 1
0 6 62 61 26 26 26 1
0 6 61 8 26 26 26 1
0 4 63 62 27 27 27 1
0 4 62 6 27 27 27 1
0 2 50 63 28 28 28 1
0 2 63 4 28 28 28 1
0 1 51 50 29 29 29 1
0 1 50 2 29 29 29 1
0 32 52 51 30 30 30 1
0 32 51 1 30 30 30 1
0 28 53 52 31 31 31 1
0 28 52 32 31 31 31 1
0 26 54 53 32 32 32 1
0 26 53 28 32 32 32 1
0 24 31 54 33 33 33 1
0 24 54 26 33 33 33 1

Bones: 0
GroupComments: 0
MaterialComments: 0
BoneComments: 0
ModelComment: 0
