// MilkShape 3D ASCII

Frames: 1
Frame: 18

Meshes: 1
"Cylinder.008" 0 4
148
0 12.245878 -0.000001 -29.564163 0.468436 0.850184 -1
0 11.633584 2.496455 -28.085955 0.447715 0.841254 -1
0 21.496059 2.496455 -21.496059 0.397425 0.910968 -1
0 22.627432 -0.000001 -22.627432 0.413417 0.926750 -1
0 28.085955 2.496455 -11.633583 0.323921 0.957194 -1
0 29.564163 -0.000001 -12.245877 0.332574 0.977399 -1
0 30.400021 2.496455 0.000001 0.240042 0.973318 -1
0 32.000019 -0.000001 0.000001 0.240105 0.994937 -1
0 28.085955 2.496455 11.633587 0.156514 0.956719 -1
0 29.564163 -0.000001 12.245880 0.147921 0.976686 -1
0 21.496059 2.496455 21.496059 0.085887 0.909896 -1
0 22.627432 -0.000001 22.627432 0.069887 0.925169 -1
0 11.633585 2.496455 28.085955 0.039154 0.839799 -1
0 12.245879 -0.000001 29.564163 0.018145 0.847965 -1
0 0.000005 2.496455 30.400021 0.023719 0.757081 -1
0 0.000005 -0.000001 32.000019 0.001108 0.756785 -1
0 -11.633576 2.496455 28.085958 0.042720 0.675557 -1
0 -12.245871 -0.000001 29.564165 0.022071 0.667268 -1
0 -21.496052 2.496455 21.496067 0.089490 0.606701 -1
0 -22.627424 -0.000001 22.627439 0.073384 0.591844 -1
0 -28.085955 2.496455 11.633588 0.159403 0.559106 -1
0 -29.564163 -0.000001 12.245882 0.150135 0.539403 -1
0 -30.400017 2.496455 -0.000000 0.243090 0.540934 -1
0 -32.000019 -0.000001 -0.000000 0.242454 0.519183 -1
0 -28.085953 2.496455 -11.633589 0.327777 0.556257 -1
0 -29.564159 -0.000001 -12.245883 0.335997 0.535971 -1
0 -21.496052 2.496455 -21.496067 0.399750 0.602127 -1
0 -22.627422 -0.000001 -22.627439 0.415477 0.586379 -1
0 0.000004 3.848436 27.299999 0.048130 0.757598 -1
0 -10.447251 3.848436 25.221912 0.065213 0.684803 -1
0 -11.633570 2.496455 -28.085960 0.448862 0.671777 -1
0 -12.245863 -0.000001 -29.564169 0.469977 0.662820 -1
0 0.000000 2.496455 -30.400021 0.468876 0.756675 -1
0 -25.221910 3.848436 10.447261 0.169199 0.580556 -1
0 -27.299999 3.848436 -0.000000 0.243520 0.564414 -1
0 -25.221909 3.848436 -10.447262 0.318653 0.578107 -1
0 -19.304007 3.848436 -19.304020 0.382466 0.618968 -1
0 -10.447245 3.848436 -25.221916 0.426315 0.681138 -1
0 -0.000000 3.848436 -27.299999 0.442919 0.756250 -1
0 10.447258 3.848436 -25.221910 0.425008 0.831291 -1
0 19.304014 3.848436 -19.304014 0.380272 0.893679 -1
0 25.221910 3.848436 -10.447257 0.314669 0.935213 -1
0 27.299995 3.848436 0.000001 0.240221 0.949984 -1
0 -24.020866 0.000001 9.949772 0.181125 0.605452 -1
0 -19.304008 3.848436 19.304020 0.106821 0.623074 -1
0 -18.384769 0.000001 18.384781 0.127285 0.641933 -1
0 25.221910 3.848436 10.447260 0.166069 0.935277 -1
0 -18.384768 0.000001 -18.384781 0.362721 0.638357 -1
0 -24.020864 0.000001 -9.949773 0.308647 0.603502 -1
0 19.304014 3.848436 19.304014 0.103396 0.893627 -1
0 9.949768 0.000001 -24.020866 0.398400 0.820163 -1
0 -0.000000 0.000001 -25.999998 0.413272 0.756170 -1
0 10.447259 3.848436 25.221910 0.062000 0.831275 -1
0 25.999996 0.000001 0.000001 0.240065 0.923053 -1
0 24.020866 0.000001 -9.949768 0.303384 0.909989 -1
0 9.949770 0.000001 24.020866 0.088413 0.821167 -1
0 18.384775 0.000001 18.384775 0.123425 0.874620 -1
0 0.000000 -0.000001 -51.930626 0.506802 0.933769 -1
0 0.000000 -0.000001 -32.000019 0.506457 0.997269 -1
0 12.245878 -0.000001 -29.564163 0.588494 0.935484 -1
0 -12.245863 -0.000001 -29.564169 0.425096 0.934595 -1
0 0.000000 2.496455 -30.400021 0.507190 0.862498 -1
0 0.000004 0.000001 25.999998 0.077677 0.758134 -1
0 -9.949763 0.000001 24.020868 0.090530 0.694968 -1
0 24.020866 0.000001 9.949771 0.176795 0.910390 -1
0 18.384775 0.000001 -18.384775 0.360033 0.873895 -1
0 -9.949758 0.000001 -24.020872 0.399893 0.692043 -1
0 -25.999996 0.000001 -0.000000 0.244623 0.591767 -1
0 9.949768 0.000001 -24.020866 0.801766 0.587839 -1
0 -0.000000 0.000001 -25.999998 0.735022 0.587839 -1
0 -9.949758 0.000001 -24.020872 0.673359 0.613381 -1
0 -18.384768 0.000001 -18.384781 0.626164 0.660576 -1
0 -24.020864 0.000001 -9.949773 0.600622 0.722239 -1
0 -25.999996 0.000001 -0.000000 0.600622 0.788983 -1
0 -24.020866 0.000001 9.949772 0.626164 0.850646 -1
0 -18.384769 0.000001 18.384781 0.673359 0.897841 -1
0 -9.949763 0.000001 24.020868 0.735022 0.923383 -1
0 0.000004 0.000001 25.999998 0.801766 0.923383 -1
0 9.949770 0.000001 24.020866 0.863429 0.897841 -1
0 18.384775 0.000001 18.384775 0.910625 0.850646 -1
0 24.020866 0.000001 9.949771 0.936166 0.788983 -1
0 25.999996 0.000001 0.000001 0.936166 0.722239 -1
0 24.020866 0.000001 -9.949768 0.910624 0.660576 -1
0 18.384775 0.000001 -18.384775 0.863429 0.613381 -1
0 0.000000 1.300001 -21.059998 0.300157 0.836144 -1
0 8.059314 1.300001 -19.456902 0.329305 0.807009 -1
0 14.891668 1.300001 -14.891666 0.345112 0.768956 -1
0 19.456902 1.300001 -8.059313 0.345125 0.727756 -1
0 21.059998 1.300001 0.000001 0.329383 0.689691 -1
0 19.456902 1.300001 8.059315 0.300254 0.660571 -1
0 14.891668 1.300001 14.891666 0.262189 0.644820 -1
0 8.059315 1.300001 19.456902 0.220973 0.644863 -1
0 0.000003 1.300001 21.059998 0.182866 0.660557 -1
0 -8.059308 1.300001 19.456903 0.153701 0.689645 -1
0 -14.891664 1.300001 14.891673 0.137909 0.727690 -1
0 -19.456902 1.300001 8.059316 0.137894 0.768891 -1
0 -21.059998 1.300001 -0.000000 0.153641 0.806962 -1
0 -19.456900 1.300001 -8.059317 0.182783 0.836093 -1
0 -14.891664 1.300001 -14.891673 0.220849 0.851886 -1
0 -8.059303 1.300001 -19.456907 0.262064 0.851882 -1
0 9.949768 0.000001 -24.020866 0.350725 0.821286 -1
0 -0.000000 0.000001 -25.999998 0.314485 0.857526 -1
0 -9.949758 0.000001 -24.020872 0.267120 0.877126 -1
0 -18.384768 0.000001 -18.384781 0.215868 0.877138 -1
0 -24.020864 0.000001 -9.949773 0.168515 0.857518 -1
0 -25.999996 0.000001 -0.000000 0.132268 0.821295 -1
0 -24.020866 0.000001 9.949772 0.112659 0.773946 -1
0 -18.384769 0.000001 18.384781 0.112663 0.722702 -1
0 -9.949763 0.000001 24.020868 0.132293 0.675368 -1
0 0.000004 0.000001 25.999998 0.168561 0.639168 -1
0 9.949770 0.000001 24.020866 0.215924 0.619620 -1
0 18.384775 0.000001 18.384775 0.267148 0.619574 -1
0 24.020866 0.000001 9.949771 0.314504 0.639145 -1
0 25.999996 0.000001 0.000001 0.350752 0.675359 -1
0 24.020866 0.000001 -9.949768 0.370359 0.722701 -1
0 18.384775 0.000001 -18.384775 0.370359 0.773944 -1
0 0.000005 -0.000001 32.000019 0.990396 0.712767 -1
0 -12.245871 -0.000001 29.564165 0.956426 0.630757 -1
0 -9.949763 0.000001 24.020868 0.920958 0.654456 -1
0 0.000004 0.000001 25.999998 0.948559 0.721089 -1
0 9.949770 0.000001 24.020866 0.948559 0.793213 -1
0 12.245879 -0.000001 29.564163 0.990396 0.801535 -1
0 18.384775 0.000001 18.384775 0.920958 0.859847 -1
0 22.627432 -0.000001 22.627432 0.956426 0.883546 -1
0 24.020866 0.000001 9.949771 0.869959 0.910846 -1
0 29.564163 -0.000001 12.245880 0.893658 0.946314 -1
0 25.999996 0.000001 0.000001 0.803325 0.938446 -1
0 32.000019 -0.000001 0.000001 0.811647 0.980284 -1
0 24.020866 0.000001 -9.949768 0.731202 0.938446 -1
0 29.564163 -0.000001 -12.245877 0.722880 0.980284 -1
0 18.384775 0.000001 -18.384775 0.664568 0.910846 -1
0 22.627432 -0.000001 -22.627432 0.640869 0.946314 -1
0 9.949768 0.000001 -24.020866 0.613569 0.859847 -1
0 12.245878 -0.000001 -29.564163 0.578101 0.883546 -1
0 -0.000000 0.000001 -25.999998 0.585968 0.793213 -1
0 0.000000 -0.000001 -32.000019 0.544131 0.801535 -1
0 -9.949758 0.000001 -24.020872 0.585968 0.721089 -1
0 -12.245863 -0.000001 -29.564169 0.544131 0.712767 -1
0 -18.384768 0.000001 -18.384781 0.613569 0.654456 -1
0 -22.627422 -0.000001 -22.627439 0.578101 0.630757 -1
0 -24.020864 0.000001 -9.949773 0.664568 0.603456 -1
0 -29.564159 -0.000001 -12.245883 0.640869 0.567988 -1
0 -25.999996 0.000001 -0.000000 0.731202 0.575856 -1
0 -32.000019 -0.000001 -0.000000 0.722880 0.534018 -1
0 -24.020866 0.000001 9.949772 0.803325 0.575856 -1
0 -29.564163 -0.000001 12.245882 0.811647 0.534018 -1
0 -18.384769 0.000001 18.384781 0.869959 0.603456 -1
0 -22.627424 -0.000001 22.627439 0.893658 0.567988 -1
85
0.470361 0.532186 -0.703945
0.703945 0.532185 -0.470361
0.830360 0.532185 -0.165169
0.830360 0.532185 0.165169
0.703945 0.532185 0.470362
0.470361 0.532186 0.703945
0.165169 0.532185 0.830360
-0.165169 0.532185 0.830360
-0.470361 0.532185 0.703946
-0.703945 0.532185 0.470362
-0.830360 0.532185 0.165169
-0.830360 0.532185 -0.165169
-0.703945 0.532185 -0.470361
-0.079266 0.913737 0.398499
-0.470361 0.532185 -0.703946
-0.165169 0.532187 -0.830359
-0.398499 0.913737 0.079266
-0.398499 0.913737 -0.079266
-0.337831 0.913737 -0.225732
-0.225732 0.913737 -0.337831
-0.079266 0.913737 -0.398499
0.079266 0.913737 -0.398499
0.225732 0.913737 -0.337831
0.337831 0.913737 -0.225732
0.398499 0.913737 -0.079266
0.789279 0.314498 -0.527380
0.398499 0.913737 0.079266
0.789279 0.314498 0.527380
0.337831 0.913737 0.225732
-0.185191 0.314498 0.931018
0.225732 0.913737 0.337831
-0.931019 0.314498 0.185191
-0.225731 0.913737 0.337831
0.079266 0.913737 0.398499
-0.527380 0.314498 -0.789279
-0.337831 0.913737 0.225732
0.000000 1.000000 0.000000
0.205860 -0.972069 0.112711
-0.205860 -0.972069 0.112711
0.185191 0.314497 -0.931019
-0.789279 0.314498 -0.527380
-0.789279 0.314498 0.527379
0.185191 0.314498 0.931019
0.931018 0.314498 0.185191
0.527379 0.314498 -0.789280
0.000000 1.000000 0.000000
0.000000 -1.000000 0.000000
-0.050557 -0.965838 0.254168
0.050557 -0.965838 0.254168
0.143974 -0.965838 0.215473
-0.185191 0.314498 -0.931018
-0.931019 0.314498 -0.185191
0.215473 -0.965838 0.143975
0.254168 -0.965838 0.050557
-0.527380 0.314498 0.789279
0.527379 0.314498 0.789279
0.254168 -0.965838 -0.050557
0.215473 -0.965838 -0.143975
0.931018 0.314498 -0.185191
0.143974 -0.965838 -0.215473
0.050557 -0.965838 -0.254168
-0.050557 -0.965838 -0.254168
-0.143975 -0.965838 -0.215473
-0.215473 -0.965838 -0.143975
-0.254168 -0.965838 -0.050557
-0.254168 -0.965838 0.050557
-0.215473 -0.965838 0.143975
-0.143974 -0.965838 0.215473
0.165169 0.532184 -0.830361
0.000000 -1.000000 -0.000000
-0.000000 -1.000000 -0.000000
-0.000000 -1.000000 -0.000000
-0.000000 -1.000000 -0.000000
-0.000000 -1.000000 -0.000000
-0.000000 -1.000000 0.000000
-0.000000 -1.000000 0.000000
-0.000000 -1.000000 0.000000
-0.000000 -1.000000 0.000000
0.000000 -1.000000 0.000000
0.000000 -1.000000 0.000000
0.000000 -1.000000 0.000000
0.000000 -1.000000 0.000000
0.000000 -1.000000 -0.000000
0.000000 -1.000000 -0.000000
0.000000 -1.000000 -0.000000
190
0 0 1 2 0 0 0 1
0 0 2 3 0 0 0 1
0 3 2 4 1 1 1 1
0 3 4 5 1 1 1 1
0 5 4 6 2 2 2 1
0 5 6 7 2 2 2 1
0 7 6 8 3 3 3 1
0 7 8 9 3 3 3 1
0 9 8 10 4 4 4 1
0 9 10 11 4 4 4 1
0 11 10 12 5 5 5 1
0 11 12 13 5 5 5 1
0 13 12 14 6 6 6 1
0 13 14 15 6 6 6 1
0 15 14 16 7 7 7 1
0 15 16 17 7 7 7 1
0 17 16 18 8 8 8 1
0 17 18 19 8 8 8 1
0 19 18 20 9 9 9 1
0 19 20 21 9 9 9 1
0 21 20 22 10 10 10 1
0 21 22 23 10 10 10 1
0 23 22 24 11 11 11 1
0 23 24 25 11 11 11 1
0 25 24 26 12 12 12 1
0 25 26 27 12 12 12 1
0 14 28 29 13 13 13 1
0 14 29 16 13 13 13 1
0 27 26 30 14 14 14 1
0 27 30 31 14 14 14 1
0 30 32 31 15 15 15 1
0 20 33 34 16 16 16 1
0 20 34 22 16 16 16 1
0 22 34 35 17 17 17 1
0 22 35 24 17 17 17 1
0 24 35 36 18 18 18 1
0 24 36 26 18 18 18 1
0 26 36 37 19 19 19 1
0 26 37 30 19 19 19 1
0 30 37 38 20 20 20 1
0 30 38 32 20 20 20 1
0 32 38 39 21 21 21 1
0 32 39 1 21 21 21 1
0 1 39 40 22 22 22 1
0 1 40 2 22 22 22 1
0 2 40 41 23 23 23 1
0 2 41 4 23 23 23 1
0 4 41 42 24 24 24 1
0 4 42 6 24 24 24 1
0 43 33 44 25 25 25 1
0 43 44 45 25 25 25 1
0 6 42 46 26 26 26 1
0 6 46 8 26 26 26 1
0 47 36 35 27 27 27 1
0 47 35 48 27 27 27 1
0 8 46 49 28 28 28 1
0 8 49 10 28 28 28 1
0 50 39 38 29 29 29 1
0 50 38 51 29 29 29 1
0 10 49 52 30 30 30 1
0 10 52 12 30 30 30 1
0 53 42 41 31 31 31 1
0 53 41 54 31 31 31 1
0 16 29 44 32 32 32 1
0 16 44 18 32 32 32 1
0 12 52 28 33 33 33 1
0 12 28 14 33 33 33 1
0 55 52 49 34 34 34 1
0 55 49 56 34 34 34 1
0 18 44 33 35 35 35 1
0 18 33 20 35 35 35 1
0 57 58 59 36 36 36 1
0 58 57 60 36 36 36 1
0 57 61 60 37 37 37 1
0 57 59 61 38 38 38 1
0 29 28 62 39 39 39 1
0 29 62 63 39 39 39 1
0 56 49 46 40 40 40 1
0 56 46 64 40 40 40 1
0 54 41 40 41 41 41 1
0 54 40 65 41 41 41 1
0 37 66 51 42 42 42 1
0 37 51 38 42 42 42 1
0 34 67 48 43 43 43 1
0 34 48 35 43 43 43 1
0 45 44 29 44 44 44 1
0 45 29 63 44 44 44 1
0 68 69 70 45 45 45 1
0 68 70 71 45 45 45 1
0 68 71 72 45 45 45 1
0 68 72 73 45 45 45 1
0 68 73 74 45 45 45 1
0 68 74 75 45 45 45 1
0 68 75 76 45 45 45 1
0 68 76 77 45 45 45 1
0 68 77 78 45 45 45 1
0 68 78 79 45 45 45 1
0 68 79 80 45 45 45 1
0 68 80 81 45 45 45 1
0 68 81 82 45 45 45 1
0 68 82 83 45 45 45 1
0 84 85 86 46 46 46 1
0 84 86 87 46 46 46 1
0 84 87 88 46 46 46 1
0 84 88 89 46 46 46 1
0 84 89 90 46 46 46 1
0 84 90 91 46 46 46 1
0 84 91 92 46 46 46 1
0 84 92 93 46 46 46 1
0 84 93 94 46 46 46 1
0 84 94 95 46 46 46 1
0 84 95 96 46 46 46 1
0 84 96 97 46 46 46 1
0 84 97 98 46 46 46 1
0 84 98 99 46 46 46 1
0 100 85 84 47 47 47 1
0 100 84 101 47 47 47 1
0 101 84 99 48 48 48 1
0 101 99 102 48 48 48 1
0 102 99 98 49 49 49 1
0 102 98 103 49 49 49 1
0 62 28 52 50 50 50 1
0 62 52 55 50 50 50 1
0 64 46 42 51 51 51 1
0 64 42 53 51 51 51 1
0 103 98 97 52 52 52 1
0 103 97 104 52 52 52 1
0 104 97 96 53 53 53 1
0 104 96 105 53 53 53 1
0 65 40 39 54 54 54 1
0 65 39 50 54 54 54 1
0 66 37 36 55 55 55 1
0 66 36 47 55 55 55 1
0 105 96 95 56 56 56 1
0 105 95 106 56 56 56 1
0 106 95 94 57 57 57 1
0 106 94 107 57 57 57 1
0 67 34 33 58 58 58 1
0 67 33 43 58 58 58 1
0 107 94 93 59 59 59 1
0 107 93 108 59 59 59 1
0 108 93 92 60 60 60 1
0 108 92 109 60 60 60 1
0 109 92 91 61 61 61 1
0 109 91 110 61 61 61 1
0 110 91 90 62 62 62 1
0 110 90 111 62 62 62 1
0 111 90 89 63 63 63 1
0 111 89 112 63 63 63 1
0 112 89 88 64 64 64 1
0 112 88 113 64 64 64 1
0 113 88 87 65 65 65 1
0 113 87 114 65 65 65 1
0 114 87 86 66 66 66 1
0 114 86 115 66 66 66 1
0 115 86 85 67 67 67 1
0 115 85 100 67 67 67 1
0 32 1 0 68 68 68 1
0 116 117 118 69 69 69 1
0 116 118 119 69 69 69 1
0 120 121 116 70 70 70 1
0 120 116 119 70 70 70 1
0 122 123 121 71 71 71 1
0 122 121 120 71 71 71 1
0 124 125 123 72 72 72 1
0 124 123 122 72 72 72 1
0 126 127 125 73 73 73 1
0 126 125 124 73 73 73 1
0 128 129 127 74 74 74 1
0 128 127 126 74 74 74 1
0 130 131 129 75 75 75 1
0 130 129 128 75 75 75 1
0 132 133 131 76 76 76 1
0 132 131 130 76 76 76 1
0 134 135 133 77 77 77 1
0 134 133 132 77 77 77 1
0 136 137 135 78 78 78 1
0 136 135 134 78 78 78 1
0 138 139 137 79 79 79 1
0 138 137 136 79 79 79 1
0 140 141 139 80 80 80 1
0 140 139 138 80 80 80 1
0 142 143 141 81 81 81 1
0 142 141 140 81 81 81 1
0 144 145 143 82 82 82 1
0 144 143 142 82 82 82 1
0 146 147 145 83 83 83 1
0 146 145 144 83 83 83 1
0 118 117 147 84 84 84 1
0 118 147 146 84 84 84 1

Bones: 0
GroupComments: 0
MaterialComments: 0
BoneComments: 0
ModelComment: 0
