// MilkShape 3D ASCII

Frames: 1
Frame: 18

Meshes: 1
"Cylinder.012" 0 3
142
0 0.000000 16.874001 -12.349999 0.675719 0.046187 0
0 0.000000 20.150002 -10.127000 0.695927 0.042326 0
0 5.952501 20.150002 -8.192915 0.665444 0.037115 0
0 7.259148 16.874001 -9.991360 0.630850 0.038712 0
0 9.631350 20.150002 -3.129415 0.666495 0.030657 0
0 11.745548 16.874001 -3.816360 0.630923 0.029338 0
0 9.631349 20.150002 3.129415 0.698114 0.025440 0
0 11.745547 16.874001 3.816360 0.675424 0.021743 0
0 5.952501 20.150002 8.192916 0.748462 0.023510 0
0 7.259147 16.874001 9.991361 0.747328 0.018844 0
0 -0.000001 20.150002 10.127000 0.798388 0.025609 0
0 -0.000001 16.874001 12.349999 0.819230 0.021745 0
0 -5.952502 20.150002 8.192914 0.828881 0.030935 0
0 -7.259150 16.874001 9.991359 0.863781 0.029346 0
0 -9.631349 20.150002 3.129416 0.828266 0.037434 0
0 -11.745547 16.874001 3.816361 0.863781 0.038742 0
0 -9.631349 20.150002 -3.129416 0.796777 0.042570 0
0 -11.745547 16.874001 -3.816361 0.818933 0.046269 0
0 5.952501 20.150002 -8.192915 0.684564 0.033100 0
0 0.000000 20.150002 -10.127000 0.692015 0.037862 0
0 -5.952497 20.150002 -8.192917 0.720436 0.041168 0
0 -9.631349 20.150002 -3.129416 0.758972 0.041753 0
0 -9.631349 20.150002 3.129416 0.792902 0.039396 0
0 -5.952502 20.150002 8.192914 0.809268 0.034996 0
0 -0.000001 20.150002 10.127000 0.801817 0.030234 0
0 5.952501 20.150002 8.192916 0.773396 0.026929 0
0 9.631349 20.150002 3.129415 0.734860 0.026343 0
0 9.631350 20.150002 -3.129415 0.700930 0.028700 0
0 -5.952497 20.150002 -8.192917 0.746255 0.044294 0
0 -7.259144 16.874001 -9.991363 0.747021 0.048944 0
0 -11.745547 16.874001 3.816361 0.265976 0.022888 0
0 -11.745547 16.874001 -3.816361 0.317928 0.025369 0
0 -13.812763 17.740807 -4.488041 0.329325 0.023674 0
0 -13.812763 17.740807 4.488040 0.267346 0.020020 0
0 -7.259150 16.874001 9.991359 0.211942 0.024491 0
0 -8.536760 17.740807 11.749837 0.202679 0.022603 0
0 -0.000001 16.874001 12.349999 0.176507 0.029821 0
0 -0.000001 17.740807 14.523601 0.154032 0.028809 0
0 7.259147 16.874001 9.991361 0.171839 0.036723 0
0 8.536757 17.740807 11.749840 0.154669 0.037244 0
0 11.745547 16.874001 3.816360 0.202227 0.042535 0
0 13.812763 17.740807 4.488039 0.186413 0.044960 0
0 0.000000 16.874001 -12.349999 0.343799 0.038197 0
0 7.259148 16.874001 -9.991360 0.307266 0.043433 0
0 8.536758 17.740807 -11.749840 0.319695 0.046112 0
0 0.000000 17.740807 -14.523601 0.360181 0.039046 0
0 11.745548 16.874001 -3.816360 0.253396 0.045268 0
0 13.812765 17.740807 -4.488039 0.252039 0.047475 0
0 -7.259144 16.874001 -9.991363 0.347216 0.031259 0
0 -8.536753 17.740807 -11.749845 0.370184 0.030663 0
0 0.000000 0.000000 -17.160000 0.744103 0.056084 0
0 0.000000 4.316000 -17.160000 0.746322 0.052412 0
0 16.810658 4.316000 -23.137888 0.636290 0.050987 0
0 16.810658 0.000000 -23.137888 0.625082 0.053118 0
0 16.320131 4.316000 -5.302732 0.607767 0.038997 0
0 16.320131 0.000000 -5.302732 0.578559 0.039779 0
0 27.200214 4.316000 8.837887 0.582486 0.025201 0
0 27.200214 0.000000 8.837887 0.562343 0.024453 0
0 10.086394 4.316000 13.882733 0.667013 0.018380 0
0 10.086394 0.000000 13.882733 0.651459 0.015060 0
0 -0.000003 4.316000 28.600000 0.762050 0.010836 0
0 -0.000003 0.000000 28.600000 0.761053 0.008136 0
0 -10.086397 4.316000 13.882731 0.842188 0.019053 0
0 -10.086397 0.000000 13.882731 0.862062 0.016088 0
0 -27.200214 4.316000 8.837890 0.926838 0.027744 0
0 -27.200214 0.000000 8.837890 0.946609 0.026718 0
0 -16.320129 4.316000 -5.302734 0.891203 0.040085 0
0 -16.320129 0.000000 -5.302734 0.919318 0.041443 0
0 -16.810650 4.316000 -23.137894 0.849109 0.052559 0
0 -16.810650 0.000000 -23.137894 0.862568 0.054518 0
0 0.000000 0.000000 -17.160000 0.294215 0.033905 0
0 16.810658 0.000000 -23.137888 0.305147 0.030062 0
0 16.320131 0.000000 -5.302732 0.272531 0.030174 0
0 27.200214 0.000000 8.837887 0.246673 0.027688 0
0 10.086394 0.000000 13.882733 0.237447 0.031600 0
0 -0.000003 0.000000 28.600000 0.210533 0.033905 0
0 -10.086397 0.000000 13.882731 0.237447 0.036211 0
0 -27.200214 0.000000 8.837890 0.246673 0.040123 0
0 -16.320129 0.000000 -5.302734 0.272531 0.037636 0
0 -16.810650 0.000000 -23.137894 0.305147 0.037748 0
0 16.398033 4.316000 -22.569956 0.638218 0.050692 0
0 15.652490 4.316000 -5.085802 0.612393 0.038845 0
0 26.532574 4.316000 8.620957 0.585323 0.025339 0
0 -0.000000 4.316000 -16.458000 0.746594 0.051815 0
0 9.673768 4.316000 13.314804 0.669601 0.018883 0
0 -0.000003 4.316000 27.898003 0.761875 0.011215 0
0 -9.673772 4.316000 13.314802 0.839161 0.019516 0
0 -26.532574 4.316000 8.620959 0.923892 0.027841 0
0 -15.652488 4.316000 -5.085804 0.886744 0.039869 0
0 -16.398026 4.316000 -22.569963 0.847465 0.052239 0
0 -0.000000 9.496141 -16.619957 0.424102 0.042271 0
0 -16.398026 4.316000 -22.569963 0.496574 0.026444 0
0 -14.492632 9.551258 -19.947412 0.471858 0.027470 0
0 18.759666 15.271258 6.095385 0.158150 0.049159 0
0 9.085136 15.216141 12.504620 0.134227 0.037879 0
0 23.449581 9.551258 7.619232 0.118637 0.055031 0
0 -0.000000 4.316000 -16.458000 0.465064 0.044338 0
0 -15.806518 9.496141 -5.135851 0.373387 0.017062 0
0 -26.532574 4.316000 8.620959 0.276769 0.003588 0
0 -23.449577 9.551258 7.619234 0.274484 0.006929 0
0 -15.652488 4.316000 -5.085804 0.401579 0.012828 0
0 -9.768967 9.496141 13.445827 0.166294 0.015306 0
0 -0.000003 4.316000 27.898003 0.034910 0.022427 0
0 -0.000002 9.551258 24.656349 0.057064 0.023864 0
0 -9.673772 4.316000 13.314802 0.143043 0.010642 0
0 26.532574 4.316000 8.620957 0.103322 0.057139 0
0 15.806520 9.496141 -5.135849 0.247234 0.056067 0
0 16.398033 4.316000 -22.569956 0.389301 0.059668 0
0 15.652490 4.316000 -5.085802 0.244119 0.061576 0
0 9.768964 9.496141 13.445828 0.087941 0.039310 0
0 14.492639 9.551258 -19.947407 0.375493 0.057296 0
0 -0.000000 15.216141 -15.456560 0.379766 0.040036 0
0 11.594111 15.271258 -15.957928 0.342942 0.050778 0
0 -14.700062 15.216141 -4.776341 0.342829 0.021646 0
0 -18.759663 15.271258 6.095387 0.270341 0.014563 0
0 -11.594106 15.271258 -15.957931 0.412455 0.029337 0
0 14.700064 15.216141 -4.776340 0.250572 0.050108 0
0 9.673768 4.316000 13.314804 0.045150 0.040628 0
0 -0.000001 15.271258 19.725079 0.113674 0.026751 0
0 -9.085139 15.216141 12.504619 0.191526 0.020365 0
1 7.985062 20.774000 10.990497 0.513149 0.059840 0
0 7.259147 16.874001 9.991361 0.530427 0.059841 0
1 -0.000001 16.874001 12.349999 0.530513 0.062437 0
1 -0.000001 20.774000 13.584999 0.513236 0.062435 0
0 12.920103 20.774000 4.197996 0.513182 0.057497 0
0 11.745547 16.874001 3.816360 0.530459 0.057494 0
0 0.000000 20.774000 -13.584999 0.512989 0.051084 0
0 0.000000 16.874001 -12.349999 0.530267 0.051084 0
0 7.259148 16.874001 -9.991360 0.530354 0.053178 0
0 7.985063 20.774000 -10.990496 0.513077 0.053194 0
0 12.920103 20.774000 -4.197996 0.513224 0.055405 0
0 11.745548 16.874001 -3.816360 0.530501 0.055410 0
0 -7.985059 20.774000 -10.990499 0.513045 0.048917 0
0 -7.259144 16.874001 -9.991363 0.530322 0.048926 0
0 -12.920103 20.774000 -4.197998 0.513189 0.046627 0
0 -11.745547 16.874001 -3.816361 0.530467 0.046630 0
0 -12.920103 20.774000 4.197997 0.513212 0.044322 0
0 -11.745547 16.874001 3.816361 0.530488 0.044301 0
0 -7.985064 20.774000 10.990495 0.513179 0.041999 0
0 -7.259150 16.874001 9.991359 0.530456 0.041997 0
0 -0.000001 20.774000 13.584999 0.513156 0.039772 0
0 -0.000001 16.874001 12.349999 0.530433 0.039778 0
113
0.089263 0.559260 -0.824173
-0.089263 0.559260 -0.824173
0.412221 0.559260 -0.719237
0.556652 0.559260 -0.614302
0.756251 0.559260 -0.339578
0.811419 0.559260 -0.169789
0.811419 0.559260 0.169789
0.756251 0.559260 0.339578
0.556652 0.559260 0.614302
0.412221 0.559260 0.719237
0.089263 0.559260 0.824173
-0.089263 0.559260 0.824173
-0.412221 0.559260 0.719237
-0.556652 0.559260 0.614302
-0.756251 0.559260 0.339578
-0.811419 0.559260 0.169789
-0.811419 0.559260 -0.169789
-0.756251 0.559260 -0.339578
0.000000 1.000000 0.000000
-0.556652 0.559260 -0.614302
-0.412221 0.559260 -0.719237
0.364395 0.928118 -0.076249
0.339620 0.928118 0.152499
-0.273796 0.955264 -0.111829
0.044774 0.998111 -0.042073
0.249983 0.928118 -0.275873
-0.190964 0.955264 0.225839
0.040087 0.928118 -0.370122
-0.026178 0.998111 -0.055584
-0.185122 0.928118 -0.322998
0.155775 0.955264 0.251405
-0.339620 0.928118 -0.152499
-0.060953 0.998111 0.007721
-0.040087 0.928118 0.370122
-0.249983 0.928118 0.275873
-0.011493 0.998111 0.060355
0.021748 0.955264 -0.294953
-0.364395 0.928118 0.076249
0.287237 0.955264 -0.070462
0.185121 0.928118 0.322998
0.053850 0.998111 0.029581
-0.117710 0.000000 -0.993048
0.081019 0.725435 -0.683506
0.092993 0.846610 -0.524026
0.882431 0.000000 -0.470441
0.675089 0.725435 -0.134162
0.908071 0.000000 -0.418817
0.527115 0.846610 -0.073491
0.720102 0.000000 0.693868
0.336209 0.725435 0.600589
0.678928 0.000000 0.734205
0.232781 0.846610 0.478606
-0.437384 0.000000 0.899275
-0.467300 0.725435 0.505346
-0.488470 0.000000 0.872581
-0.383248 0.846610 0.369286
-0.990420 0.000000 -0.138085
-0.625017 0.725435 -0.288268
-0.980819 0.000000 -0.194920
-0.469642 0.846610 -0.250375
-0.174729 0.000000 -0.984617
0.000000 -1.000000 0.000000
0.000000 0.190149 -0.981755
-0.563141 0.286521 -0.775098
-0.505246 0.511009 -0.695412
0.673706 0.705835 0.218900
0.545017 0.374474 0.750151
0.817505 0.511009 0.265624
0.000000 -0.031250 -0.999512
-0.933705 0.190149 -0.303379
-0.911182 0.286522 0.296061
-0.817505 0.511009 0.265624
-0.950592 -0.031250 -0.308866
-0.577061 0.190149 0.794257
-0.000000 0.286522 0.958074
-0.000000 0.511009 0.859576
-0.587498 -0.031249 0.808622
0.911182 0.286521 0.296061
0.933705 0.190149 -0.303379
0.563142 0.286521 -0.775098
0.950592 -0.031250 -0.308866
0.577061 0.190149 0.794257
0.505246 0.511009 -0.695411
0.000000 0.374474 -0.927238
0.416373 0.705835 -0.573088
-0.881855 0.374474 -0.286532
-0.673706 0.705835 0.218900
-0.416373 0.705835 -0.573088
0.881855 0.374474 -0.286532
0.587498 -0.031249 0.808622
0.000000 0.705835 0.708376
-0.545016 0.374474 0.750151
-0.474305 0.300295 -0.827561
-0.640489 0.300295 -0.706822
-0.295889 0.288374 -0.910654
-0.870149 0.300295 -0.390721
-0.933626 0.300295 -0.195361
-0.102707 0.300295 0.948301
0.102707 0.300295 0.948301
-0.474305 0.300295 0.827561
-0.640489 0.300295 0.706822
-0.933626 0.300295 0.195361
-0.870149 0.300295 0.390721
0.474305 0.300295 0.827561
0.640489 0.300295 0.706822
0.870149 0.300295 0.390721
0.933626 0.300295 0.195361
0.933626 0.300295 -0.195361
0.870149 0.300295 -0.390721
0.640489 0.300295 -0.706822
0.474305 0.300295 -0.827561
0.295889 0.288374 -0.910654
0.295889 0.288374 -0.910654
176
0 0 1 2 0 1 2 1
0 0 2 3 0 2 3 1
0 3 2 4 3 2 4 1
0 3 4 5 3 4 5 1
0 5 4 6 5 4 6 1
0 5 6 7 5 6 7 1
0 7 6 8 7 6 8 1
0 7 8 9 7 8 9 1
0 9 8 10 9 8 10 1
0 9 10 11 9 10 11 1
0 11 10 12 11 10 12 1
0 11 12 13 11 12 13 1
0 13 12 14 13 12 14 1
0 13 14 15 13 14 15 1
0 15 14 16 15 14 16 1
0 15 16 17 15 16 17 1
0 18 19 20 18 18 18 1
0 18 20 21 18 18 18 1
0 18 21 22 18 18 18 1
0 18 22 23 18 18 18 1
0 18 23 24 18 18 18 1
0 18 24 25 18 18 18 1
0 18 25 26 18 18 18 1
0 18 26 27 18 18 18 1
0 17 16 28 17 16 19 1
0 17 28 29 17 19 20 1
0 29 28 1 20 19 1 1
0 29 1 0 20 1 0 1
0 30 31 32 21 22 23 1
0 30 32 33 21 23 24 1
0 34 30 33 25 21 24 1
0 34 33 35 25 24 26 1
0 36 34 35 27 25 26 1
0 36 35 37 27 26 28 1
0 38 36 37 29 27 28 1
0 38 37 39 29 28 30 1
0 40 38 39 31 29 30 1
0 40 39 41 31 30 32 1
0 42 43 44 33 34 35 1
0 42 44 45 33 35 36 1
0 46 40 41 37 31 32 1
0 46 41 47 37 32 38 1
0 43 46 47 34 37 38 1
0 43 47 44 34 38 35 1
0 48 42 45 39 33 36 1
0 48 45 49 39 36 40 1
0 31 48 49 22 39 40 1
0 31 49 32 22 40 23 1
0 50 51 52 41 42 43 1
0 50 52 53 41 43 44 1
0 53 52 54 44 43 45 1
0 53 54 55 44 45 46 1
0 55 54 56 46 45 47 1
0 55 56 57 46 47 48 1
0 57 56 58 48 47 49 1
0 57 58 59 48 49 50 1
0 59 58 60 50 49 51 1
0 59 60 61 50 51 52 1
0 61 60 62 52 51 53 1
0 61 62 63 52 53 54 1
0 63 62 64 54 53 55 1
0 63 64 65 54 55 56 1
0 65 64 66 56 55 57 1
0 65 66 67 56 57 58 1
0 67 66 68 58 57 59 1
0 67 68 69 58 59 60 1
0 69 68 51 60 59 42 1
0 69 51 50 60 42 41 1
0 70 71 72 61 61 61 1
0 70 72 73 61 61 61 1
0 70 73 74 61 61 61 1
0 70 74 75 61 61 61 1
0 70 75 76 61 61 61 1
0 70 76 77 61 61 61 1
0 70 77 78 61 61 61 1
0 70 78 79 61 61 61 1
0 54 52 80 45 43 18 1
0 54 80 81 45 18 18 1
0 56 54 81 47 45 18 1
0 56 81 82 47 18 18 1
0 52 51 83 43 42 18 1
0 52 83 80 43 18 18 1
0 58 56 82 49 47 18 1
0 58 82 84 49 18 18 1
0 60 58 84 51 49 18 1
0 60 84 85 51 18 18 1
0 62 60 85 53 51 18 1
0 62 85 86 53 18 18 1
0 64 62 86 55 53 18 1
0 64 86 87 55 18 18 1
0 66 64 87 57 55 18 1
0 66 87 88 57 18 18 1
0 68 66 88 59 57 18 1
0 68 88 89 59 18 18 1
0 51 68 89 42 59 18 1
0 51 89 83 42 18 18 1
0 90 91 92 62 63 64 1
0 93 94 95 65 66 67 1
0 96 91 90 68 63 62 1
0 97 98 99 69 70 71 1
0 98 97 100 70 69 72 1
0 101 102 103 73 74 75 1
0 102 101 104 74 73 76 1
0 95 105 106 67 77 78 1
0 107 106 108 79 78 80 1
0 95 109 105 67 81 77 1
0 106 107 110 78 79 82 1
0 111 112 110 83 84 82 1
0 113 99 114 85 71 86 1
0 92 111 90 64 83 62 1
0 111 92 115 83 64 87 1
0 97 99 113 69 71 85 1
0 109 95 94 81 67 66 1
0 116 93 95 88 65 67 1
0 95 106 116 67 78 88 1
0 105 108 106 77 80 78 1
0 105 109 117 77 81 89 1
0 116 110 112 88 82 84 1
0 106 110 116 78 82 88 1
0 110 90 111 82 62 83 1
0 90 110 107 62 82 79 1
0 107 96 90 79 68 62 1
0 39 93 41 30 65 32 1
0 94 93 39 66 65 30 1
0 41 93 47 32 65 38 1
0 93 116 47 65 88 38 1
0 39 37 118 30 28 90 1
0 118 94 39 90 66 30 1
0 37 35 118 28 26 90 1
0 118 35 119 90 26 91 1
0 119 35 114 91 26 86 1
0 35 33 114 26 24 86 1
0 32 114 33 23 86 24 1
0 114 32 113 86 23 85 1
0 113 32 115 85 23 87 1
0 32 49 115 23 40 87 1
0 45 115 49 36 87 40 1
0 115 45 111 87 36 83 1
0 111 45 112 83 36 84 1
0 45 44 112 36 35 84 1
0 47 112 44 38 84 35 1
0 112 47 116 84 38 88 1
0 101 103 119 73 75 91 1
0 119 103 118 91 75 90 1
0 94 118 103 66 90 75 1
0 103 109 94 75 81 66 1
0 109 103 102 81 75 74 1
0 102 117 109 74 89 81 1
0 119 114 99 91 86 71 1
0 99 101 119 71 73 91 1
0 101 99 98 73 71 70 1
0 98 104 101 70 76 73 1
0 113 115 92 85 87 64 1
0 92 97 113 64 69 85 1
0 97 92 91 69 64 63 1
0 91 100 97 63 72 69 1
0 120 121 122 92 93 94 1
1 123 120 122 94 92 94 1
0 124 125 121 95 96 93 1
0 120 124 121 92 95 93 1
0 126 127 128 97 98 99 1
0 129 126 128 100 97 99 1
0 130 131 125 101 102 96 1
0 124 130 125 95 101 96 1
0 129 128 131 100 99 102 1
0 130 129 131 101 100 102 1
0 132 133 127 103 104 98 1
0 126 132 127 97 103 98 1
0 134 135 133 105 106 104 1
0 132 134 133 103 105 104 1
0 136 137 135 107 108 106 1
0 134 136 135 105 107 106 1
0 138 139 137 109 110 108 1
0 136 138 137 107 109 108 1
0 140 141 139 111 112 110 1
0 138 140 139 109 111 110 1

Materials: 1
"Materialstar.003"
0.200000 0.200000 0.200000 1.000000
0.800000 0.800000 0.800000 1.000000
0.000000 0.000000 0.000000 1.000000
0.000000 0.000000 0.000000 1.000000
0.000000
1.000000
""
""

Bones: 1
"joint1"
""
0 0.000000 0.000000 0.000000 0.000000 0.000000 0.000000
2
1.000000 0.000000 0.000000 0.000000
16.000000 0.000000 0.000000 0.000000
2
1.000000 0.000000 0.000000 0.000000
16.000000 0.000000 -1.18271723 0.000000
GroupComments: 0
MaterialComments: 0
BoneComments: 0
ModelComment: 0
