// MilkShape 3D ASCII

Frames: 16
Frame: 1

Meshes: 1
"Cylinder.011" 0 1
120
0 0.000000 16.874001 -12.349999 0.675719 0.046187 0
0 0.000000 20.150002 -10.127000 0.695927 0.042326 0
0 5.952501 20.150002 -8.192915 0.665444 0.037115 0
0 7.259148 16.874001 -9.991360 0.630850 0.038712 0
0 9.631350 20.150002 -3.129415 0.666495 0.030657 0
0 11.745548 16.874001 -3.816360 0.630923 0.029338 0
0 9.631349 20.150002 3.129415 0.698114 0.02544 0
0 11.745547 16.874001 3.816360 0.675424 0.021743 0
0 5.952501 20.150002 8.192916 0.748462 0.02351 0
0 7.259147 16.874001 9.991361 0.747328 0.018844 0
0 -0.000001 20.150002 10.127000 0.798388 0.025609 0
0 -0.000001 16.874001 12.349999 0.819230 0.021745 0
0 -5.952502 20.150002 8.192914 0.828881 0.030935 0
0 -7.259150 16.874001 9.991359 0.863781 0.029346 0
0 -9.631349 20.150002 3.129416 0.828266 0.037434 0
0 -11.745547 16.874001 3.816361 0.863781 0.038742 0
0 -9.631349 20.150002 -3.129416 0.796777 0.04257 0
0 -11.745547 16.874001 -3.816361 0.818933 0.046269 0
0 5.952501 20.150002 -8.192915 0.684564 0.0331 0
0 0.000000 20.150002 -10.127000 0.692015 0.037862 0
0 -5.952497 20.150002 -8.192917 0.720436 0.041168 0
0 -9.631349 20.150002 -3.129416 0.758972 0.041753 0
0 -9.631349 20.150002 3.129416 0.792902 0.039396 0
0 -5.952502 20.150002 8.192914 0.809268 0.034996 0
0 -0.000001 20.150002 10.127000 0.801817 0.030234 0
0 5.952501 20.150002 8.192916 0.773396 0.026929 0
0 9.631349 20.150002 3.129415 0.734860 0.026343 0
0 9.631350 20.150002 -3.129415 0.700930 0.0287 0
0 -5.952497 20.150002 -8.192917 0.746255 0.044294 0
0 -7.259144 16.874001 -9.991363 0.747021 0.048944 0
0 -11.745547 16.874001 3.816361 0.265976 0.022888 0
0 -11.745547 16.874001 -3.816361 0.317928 0.025369 0
0 -13.812763 17.740807 -4.488041 0.329325 0.023674 0
0 -13.812763 17.740807 4.488040 0.267302 0.020205 0
0 -7.259150 16.874001 9.991359 0.211942 0.024491 0
0 -8.536760 17.740807 11.749837 0.202679 0.022603 0
0 -0.000001 16.874001 12.349999 0.176507 0.029821 0
0 -0.000001 17.740807 14.523601 0.155717 0.028859 0
0 7.259147 16.874001 9.991361 0.171839 0.036723 0
0 8.536757 17.740807 11.749840 0.154669 0.037244 0
0 11.745547 16.874001 3.816360 0.202227 0.042535 0
0 13.812763 17.740807 4.488039 0.187604 0.044763 0
0 0.000000 16.874001 -12.349999 0.343799 0.038197 0
0 7.259148 16.874001 -9.991360 0.307266 0.043433 0
0 8.536758 17.740807 -11.749840 0.318852 0.045899 0
0 0.000000 17.740807 -14.523601 0.360181 0.039046 0
0 11.745548 16.874001 -3.816360 0.253396 0.045268 0
0 13.812765 17.740807 -4.488039 0.252039 0.047475 0
0 -7.259144 16.874001 -9.991363 0.347216 0.031259 0
0 -8.536753 17.740807 -11.749845 0.368570 0.030685 0
0 0.000000 0.000000 -17.160000 0.744164 0.05594 0
0 0.000000 4.316000 -17.160000 0.746409 0.052187 0
0 16.810658 4.316000 -23.137888 0.638400 0.050635 0
0 16.810658 0.000000 -23.137888 0.626778 0.052833 0
0 16.320131 4.316000 -5.302732 0.609325 0.038915 0
0 16.320131 0.000000 -5.302732 0.579589 0.03973 0
0 27.200214 4.316000 8.837887 0.585556 0.025309 0
0 27.200214 0.000000 8.837887 0.564863 0.024544 0
0 10.086394 4.316000 13.882733 0.667942 0.018517 0
0 10.086394 0.000000 13.882733 0.652062 0.015156 0
0 -0.000003 4.316000 28.600000 0.761915 0.011201 0
0 -0.000003 0.000000 28.600000 0.760967 0.008441 0
0 -10.086397 4.316000 13.882731 0.841256 0.019183 0
0 -10.086397 0.000000 13.882731 0.861432 0.016178 0
0 -27.200214 4.316000 8.837890 0.923762 0.027807 0
0 -27.200214 0.000000 8.837890 0.944090 0.026779 0
0 -16.320129 4.316000 -5.302734 0.889750 0.039992 0
0 -16.320129 0.000000 -5.302734 0.918354 0.041384 0
0 -16.810650 4.316000 -23.137894 0.847420 0.052179 0
0 -16.810650 0.000000 -23.137894 0.861151 0.054215 0
0 0.000000 0.000000 -17.160000 0.294215 0.033905 0
0 16.810658 0.000000 -23.137888 0.305147 0.030062 0
0 16.320131 0.000000 -5.302732 0.272531 0.030174 0
0 27.200214 0.000000 8.837887 0.246673 0.027688 0
0 10.086394 0.000000 13.882733 0.237447 0.0316 0
0 -0.000003 0.000000 28.600000 0.210533 0.033905 0
0 -10.086397 0.000000 13.882731 0.237447 0.036211 0
0 -27.200214 0.000000 8.837890 0.246673 0.040123 0
0 -16.320129 0.000000 -5.302734 0.272531 0.037636 0
0 -16.810650 0.000000 -23.137894 0.305147 0.037748 0
0 16.398033 4.316000 -22.569956 0.640293 0.050346 0
0 15.652490 4.316000 -5.085802 0.613902 0.038765 0
0 26.532574 4.316000 8.620957 0.588342 0.025445 0
0 -0.000000 4.316000 -16.458000 0.746678 0.051597 0
0 9.673768 4.316000 13.314804 0.670502 0.019015 0
0 -0.000003 4.316000 27.898003 0.761743 0.011574 0
0 -9.673772 4.316000 13.314802 0.838261 0.019641 0
0 -26.532574 4.316000 8.620959 0.920869 0.027902 0
0 -15.652488 4.316000 -5.085804 0.885339 0.039777 0
0 -16.398026 4.316000 -22.569963 0.845805 0.051865 0
0 -0.000000 9.496141 -16.619957 0.424102 0.042271 0
0 -16.398026 4.316000 -22.569963 0.497393 0.026425 0
0 -14.492632 9.551258 -19.947412 0.468693 0.027541 0
0 18.759666 15.271258 6.095385 0.159773 0.048899 0
0 9.085136 15.216141 12.504620 0.134227 0.037879 0
0 23.449581 9.551258 7.619232 0.120862 0.054681 0
0 -0.000000 4.316000 -16.458000 0.465064 0.044338 0
0 -15.806518 9.496141 -5.135851 0.373387 0.017062 0
0 -26.532574 4.316000 8.620959 0.276808 0.003488 0
0 -23.449577 9.551258 7.619234 0.274331 0.007313 0
0 -15.652488 4.316000 -5.085804 0.401579 0.012828 0
0 -9.768967 9.496141 13.445827 0.166294 0.015306 0
0 -0.000003 4.316000 27.898003 0.034090 0.022395 0
0 -0.000002 9.551258 24.656349 0.060229 0.02399 0
0 -9.673772 4.316000 13.314802 0.143043 0.010642 0
0 26.532574 4.316000 8.620957 0.102746 0.057229 0
0 15.806520 9.496141 -5.135849 0.247234 0.056067 0
0 16.398033 4.316000 -22.569956 0.389740 0.059767 0
0 15.652490 4.316000 -5.085802 0.244119 0.061576 0
0 9.768964 9.496141 13.445828 0.087941 0.03931 0
0 14.492639 9.551258 -19.947407 0.373799 0.056911 0
0 -0.000000 15.216141 -15.456560 0.379766 0.040036 0
0 11.594111 15.271258 -15.957928 0.341744 0.050494 0
0 -14.700062 15.216141 -4.776341 0.342829 0.021646 0
0 -18.759663 15.271258 6.095387 0.270251 0.014831 0
0 -11.594106 15.271258 -15.957931 0.410197 0.02938 0
0 14.700064 15.216141 -4.776340 0.250572 0.050108 0
0 9.673768 4.316000 13.314804 0.045150 0.040628 0
0 -0.000001 15.271258 19.725079 0.115974 0.026832 0
0 -9.085139 15.216141 12.504619 0.191526 0.020365 0
98
0.259642 0.542244 -0.799097
0.679753 0.542244 -0.493869
0.840221 0.542244 0.000000
0.679753 0.542244 0.493869
0.259642 0.542244 0.799098
-0.259643 0.542245 0.799097
-0.679753 0.542245 0.493869
-0.840221 0.542244 0.000000
-0.000000 1.000000 0.000000
-0.679753 0.542245 -0.493870
-0.259642 0.542245 -0.799097
0.386693 0.922208 0.000000
0.312841 0.922209 -0.227292
0.119494 0.922209 -0.367766
-0.119495 0.922209 -0.367766
-0.312840 0.922209 -0.227292
-0.119495 0.922209 0.367766
-0.386693 0.922209 -0.000000
-0.312841 0.922209 0.227292
0.119494 0.922209 0.367766
0.312841 0.922209 0.227292
-0.335048 0.000000 -0.942201
0.999622 0.000000 0.027493
0.792551 0.000000 -0.609805
0.282753 0.000000 0.959193
0.824871 0.000000 0.565321
-0.824871 0.000000 0.565321
-0.282753 0.000000 0.959193
-0.792551 0.000000 -0.609805
-0.999622 0.000000 0.027493
0.335048 0.000000 -0.942201
0.000000 -1.000000 0.000000
-0.000001 1.000000 0.000000
-0.000001 1.000000 0.000000
0.000000 1.000000 0.000000
0.000001 1.000000 0.000000
0.000000 1.000000 0.000000
0.000001 1.000000 0.000000
0.208690 0.376250 -0.902710
0.455929 0.558446 0.693013
0.349104 -0.029284 -0.936626
-0.794039 0.376251 -0.477428
-0.782906 -0.029283 -0.621451
-0.699432 0.376251 0.607643
-0.832966 -0.029283 0.552548
0.794039 0.376250 -0.477428
0.998664 -0.029284 0.042584
0.361766 0.376250 0.852972
0.923016 0.376250 -0.080477
-0.038488 0.558446 -0.828648
-0.776197 0.558446 -0.292670
0.220206 0.194418 -0.955882
0.038488 0.558446 -0.828647
-0.841051 0.194418 -0.504812
0.383703 0.194418 0.902759
0.776197 0.558446 -0.292671
0.841051 0.194418 -0.504812
0.782905 -0.029283 -0.621451
0.268104 -0.029283 0.962945
0.799984 0.558446 -0.219462
0.977146 0.194418 -0.085955
-0.220206 0.194418 -0.955882
-0.208689 0.376250 -0.902710
-0.349104 -0.029284 -0.936626
0.361346 0.894709 0.262534
0.516735 0.346319 0.782974
0.446649 0.894709 0.000000
0.878268 0.346320 -0.329709
0.138022 0.894709 0.424788
0.584972 0.346319 0.733397
-0.138022 0.894709 0.424789
-0.584972 0.346320 0.733397
-0.516735 0.346320 0.782973
-0.361346 0.894709 0.262534
-0.446649 0.894709 0.000000
-0.878268 0.346320 -0.329709
-0.904332 0.346320 -0.249493
-0.361346 0.894709 -0.262534
-0.138022 0.894709 -0.424788
0.042173 0.346319 -0.937168
-0.042173 0.346320 -0.937168
0.138022 0.894709 -0.424788
0.361347 0.894709 -0.262533
0.904332 0.346320 -0.249493
-0.740004 0.194418 0.643891
-0.518204 0.558447 0.647767
0.518204 0.558446 0.647767
0.740004 0.194418 0.643891
0.699432 0.376250 0.607643
0.832966 -0.029283 0.552549
-0.455929 0.558447 0.693012
-0.383703 0.194418 0.902759
-0.361766 0.376251 0.852972
-0.268104 -0.029284 0.962945
-0.799984 0.558446 -0.219462
-0.977145 0.194418 -0.085956
-0.923016 0.376250 -0.080477
-0.998664 -0.029284 0.042584
156
0 0 1 2 0 0 0 1
0 0 2 3 0 0 0 1
0 3 2 4 1 1 1 1
0 3 4 5 1 1 1 1
0 5 4 6 2 2 2 1
0 5 6 7 2 2 2 1
0 7 6 8 3 3 3 1
0 7 8 9 3 3 3 1
0 9 8 10 4 4 4 1
0 9 10 11 4 4 4 1
0 11 10 12 5 5 5 1
0 11 12 13 5 5 5 1
0 13 12 14 6 6 6 1
0 13 14 15 6 6 6 1
0 15 14 16 7 7 7 1
0 15 16 17 7 7 7 1
0 18 19 20 8 8 8 1
0 18 20 21 8 8 8 1
0 18 21 22 8 8 8 1
0 18 22 23 8 8 8 1
0 18 23 24 8 8 8 1
0 18 24 25 8 8 8 1
0 18 25 26 8 8 8 1
0 18 26 27 8 8 8 1
0 17 16 28 9 9 9 1
0 17 28 29 9 9 9 1
0 29 28 1 10 10 10 1
0 29 1 0 10 10 10 1
0 30 31 32 11 11 11 1
0 30 32 33 11 11 11 1
0 34 30 33 12 12 12 1
0 34 33 35 12 12 12 1
0 36 34 35 13 13 13 1
0 36 35 37 13 13 13 1
0 38 36 37 14 14 14 1
0 38 37 39 14 14 14 1
0 40 38 39 15 15 15 1
0 40 39 41 15 15 15 1
0 42 43 44 16 16 16 1
0 42 44 45 16 16 16 1
0 46 40 41 17 17 17 1
0 46 41 47 17 17 17 1
0 43 46 47 18 18 18 1
0 43 47 44 18 18 18 1
0 48 42 45 19 19 19 1
0 48 45 49 19 19 19 1
0 31 48 49 20 20 20 1
0 31 49 32 20 20 20 1
0 50 51 52 21 21 21 1
0 50 52 53 21 21 21 1
0 53 52 54 22 22 22 1
0 53 54 55 22 22 22 1
0 55 54 56 23 23 23 1
0 55 56 57 23 23 23 1
0 57 56 58 24 24 24 1
0 57 58 59 24 24 24 1
0 59 58 60 25 25 25 1
0 59 60 61 25 25 25 1
0 61 60 62 26 26 26 1
0 61 62 63 26 26 26 1
0 63 62 64 27 27 27 1
0 63 64 65 27 27 27 1
0 65 64 66 28 28 28 1
0 65 66 67 28 28 28 1
0 67 66 68 29 29 29 1
0 67 68 69 29 29 29 1
0 69 68 51 30 30 30 1
0 69 51 50 30 30 30 1
0 70 71 72 31 31 31 1
0 70 72 73 31 31 31 1
0 70 73 74 31 31 31 1
0 70 74 75 31 31 31 1
0 70 75 76 31 31 31 1
0 70 76 77 31 31 31 1
0 70 77 78 31 31 31 1
0 70 78 79 31 31 31 1
0 54 52 80 32 32 32 1
0 54 80 81 32 32 32 1
0 56 54 81 33 33 33 1
0 56 81 82 33 33 33 1
0 52 51 83 34 34 34 1
0 52 83 80 34 34 34 1
0 58 56 82 34 34 34 1
0 58 82 84 34 34 34 1
0 60 58 84 35 35 35 1
0 60 84 85 35 35 35 1
0 62 60 85 34 34 34 1
0 62 85 86 34 34 34 1
0 64 62 86 36 36 36 1
0 64 86 87 36 36 36 1
0 66 64 87 37 37 37 1
0 66 87 88 37 37 37 1
0 68 66 88 34 34 34 1
0 68 88 89 34 34 34 1
0 51 68 89 34 34 34 1
0 51 89 83 34 34 34 1
0 90 91 92 38 38 38 1
0 93 94 95 39 39 39 1
0 96 91 90 40 40 40 1
0 97 98 99 41 41 41 1
0 98 97 100 42 42 42 1
0 101 102 103 43 43 43 1
0 102 101 104 44 44 44 1
0 95 105 106 45 45 45 1
0 107 106 108 46 46 46 1
0 95 109 105 47 47 47 1
0 106 107 110 48 48 48 1
0 111 112 110 49 49 49 1
0 113 99 114 50 50 50 1
0 92 111 90 51 51 51 1
0 111 92 115 52 52 52 1
0 97 99 113 53 53 53 1
0 109 95 94 54 54 54 1
0 116 93 95 55 55 55 1
0 95 106 116 56 56 56 1
0 105 108 106 57 57 57 1
0 105 109 117 58 58 58 1
0 116 110 112 59 59 59 1
0 106 110 116 60 60 60 1
0 110 90 111 61 61 61 1
0 90 110 107 62 62 62 1
0 107 96 90 63 63 63 1
0 39 93 41 64 64 64 1
0 94 93 39 65 65 65 1
0 41 93 47 66 66 66 1
0 93 116 47 67 67 67 1
0 39 37 118 68 68 68 1
0 118 94 39 69 69 69 1
0 37 35 118 70 70 70 1
0 118 35 119 71 71 71 1
0 119 35 114 72 72 72 1
0 35 33 114 73 73 73 1
0 32 114 33 74 74 74 1
0 114 32 113 75 75 75 1
0 113 32 115 76 76 76 1
0 32 49 115 77 77 77 1
0 45 115 49 78 78 78 1
0 115 45 111 79 79 79 1
0 111 45 112 80 80 80 1
0 45 44 112 81 81 81 1
0 47 112 44 82 82 82 1
0 112 47 116 83 83 83 1
0 101 103 119 84 84 84 1
0 119 103 118 85 85 85 1
0 94 118 103 86 86 86 1
0 103 109 94 87 87 87 1
0 109 103 102 88 88 88 1
0 102 117 109 89 89 89 1
0 119 114 99 90 90 90 1
0 99 101 119 91 91 91 1
0 101 99 98 92 92 92 1
0 98 104 101 93 93 93 1
0 113 115 92 94 94 94 1
0 92 97 113 95 95 95 1
0 97 92 91 96 96 96 1
0 91 100 97 97 97 97 1

Materials: 1
"Materialstar.002"
0.200000 0.200000 0.200000 1.000000
0.800000 0.800000 0.800000 1.000000
0.000000 0.000000 0.000000 1.000000
0.000000 0.000000 0.000000 1.000000
0.000000
1.000000
""
""

Bones: 1
"joint1"
""
0 0.000000 0.000000 0.000000 0.000000 0.000000 0.000000
2
1.000000 0.000000 0.000000 0.000000
16.000000 0.000000 0.000000 0.000000
2
1.000000 0.000000 0.000000 0.000000
16.000000 0.000000 -1.18271723 0.000000
GroupComments: 0
MaterialComments: 0
BoneComments: 0
ModelComment: 0
