// MilkShape 3D ASCII

Frames: 1
Frame: 18

Meshes: 1
"Sphere.012" 0 2
226
0 -9.949751 4.368523 -24.020866 0.863857 0.051441 -1
0 -18.384756 4.368523 -18.384785 0.914813 0.045019 -1
0 -17.865168 4.240332 -17.865194 0.910225 0.044642 -1
0 -9.668551 4.240332 -23.341991 0.860771 0.050874 -1
0 -24.020849 4.368523 -9.949786 0.942237 0.036648 -1
0 -23.341972 4.240332 -9.668586 0.936846 0.036519 -1
0 24.020857 4.368523 -9.949772 0.606538 0.045177 -1
0 18.384769 4.368523 -18.384775 0.657867 0.051548 -1
0 17.865181 4.240332 -17.865187 0.660880 0.050974 -1
0 23.341980 4.240332 -9.668572 0.611077 0.044791 -1
0 24.020851 4.368523 9.949758 0.578338 0.027787 -1
0 25.999985 4.368523 -0.000006 0.578614 0.036833 -1
0 25.265175 4.240332 -0.000006 0.583988 0.036694 -1
0 23.341976 4.240332 9.668557 0.583730 0.027916 -1
0 -18.384773 4.368523 18.384748 0.862641 0.012887 -1
0 -9.949772 4.368523 24.020840 0.795691 0.009459 -1
0 -9.668572 4.240332 23.341965 0.794663 0.010133 -1
0 -17.865185 4.240332 17.865160 0.859629 0.013461 -1
0 -25.999985 4.368523 -0.000023 0.941953 0.027602 -1
0 -24.020859 4.368523 9.949742 0.914003 0.019258 -1
0 -23.341982 4.240332 9.668543 0.909463 0.019644 -1
0 -25.265175 4.240332 -0.000023 0.936579 0.027741 -1
0 24.020851 -0.000064 9.949758 0.570682 0.027505 -1
0 25.999985 -0.000064 -0.000006 0.570678 0.036936 -1
0 18.384758 4.368523 18.384758 0.605708 0.019415 -1
0 17.865170 4.240332 17.865170 0.610297 0.019791 -1
0 -0.000009 4.368523 25.999973 0.723347 0.009496 -1
0 9.949755 4.368523 24.020845 0.656632 0.012992 -1
0 9.668556 4.240332 23.341970 0.659718 0.013559 -1
0 -0.000009 4.240332 25.265163 0.724462 0.010167 -1
0 9.949766 4.368523 -24.020866 0.724799 0.054975 -1
0 9.668566 4.240332 -23.341991 0.725826 0.054302 -1
0 0.000000 4.368523 -26.000000 0.797135 0.054938 -1
0 0.000000 4.240332 -25.265190 0.796020 0.054267 -1
0 9.949766 -0.000064 -24.020866 0.268370 0.039420 -1
0 18.384769 -0.000064 -18.384775 0.292722 0.038159 -1
0 24.020857 -0.000064 -9.949772 0.311359 0.035829 -1
0 25.999985 -0.000064 -0.000006 0.321446 0.032785 -1
0 24.020851 -0.000064 9.949758 0.321446 0.029490 -1
0 18.384758 -0.000064 18.384758 0.311359 0.026447 -1
0 9.949755 -0.000064 24.020845 0.292721 0.024117 -1
0 -0.000009 -0.000064 25.999973 0.268370 0.022856 -1
0 -9.949772 -0.000064 24.020840 0.242012 0.022856 -1
0 -18.384773 -0.000064 18.384748 0.217661 0.024117 -1
0 -24.020859 -0.000064 9.949742 0.199023 0.026447 -1
0 -25.999985 -0.000064 -0.000023 0.188937 0.029490 -1
0 -24.020849 -0.000064 -9.949786 0.188937 0.032785 -1
0 -18.384756 -0.000064 -18.384785 0.199023 0.035829 -1
0 -9.949751 -0.000064 -24.020866 0.217661 0.038159 -1
0 -0.000000 -0.000064 -26.000000 0.242012 0.039420 -1
0 24.020857 -0.000064 -9.949772 0.599524 0.045650 -1
0 18.384769 -0.000064 -18.384775 0.652847 0.052320 -1
0 -18.384756 -0.000064 -18.384785 0.921023 0.045646 -1
0 -24.020849 -0.000064 -9.949786 0.949895 0.036931 -1
0 -9.949751 -0.000064 -24.020866 0.867677 0.052316 -1
0 9.949766 -0.000064 -24.020866 0.722539 0.055930 -1
0 -0.000000 -0.000064 -26.000000 0.797980 0.055928 -1
0 -9.949772 -0.000064 24.020840 0.797961 0.008505 -1
0 -0.000009 -0.000064 25.999973 0.722514 0.008506 -1
0 9.949755 -0.000064 24.020845 0.652821 0.012117 -1
0 18.384758 -0.000064 18.384758 0.599501 0.018790 -1
0 -25.999985 -0.000064 -0.000023 0.949895 0.027498 -1
0 -24.020859 -0.000064 9.949742 0.921021 0.018783 -1
0 -18.384773 -0.000064 18.384748 0.867669 0.012114 -1
0 0.000000 9.541773 -24.397394 0.294804 0.006659 -1
0 0.000000 15.236113 -19.684690 0.284495 0.013740 -1
0 7.533002 15.236113 -18.186283 0.335941 0.016499 -1
0 9.336474 9.541773 -22.540251 0.367153 0.010450 -1
0 0.000007 16.825777 -12.267138 0.922477 0.036685 -1
0 0.000005 20.174120 -10.150368 0.872144 0.035256 -1
0 3.883753 20.174120 -9.377721 0.853646 0.040390 -1
0 4.694428 16.825777 -11.333361 0.893469 0.044212 -1
0 0.000000 4.240332 -25.265190 0.304051 0.000519 -1
0 9.668566 4.240332 -23.341991 0.394490 0.005222 -1
0 0.000000 17.719440 -14.462400 0.276244 0.018815 -1
0 0.000007 16.825777 -12.267138 0.272803 0.020853 -1
0 4.694428 16.825777 -11.333361 0.303324 0.022510 -1
0 5.534517 17.719440 -13.361513 0.312754 0.020793 -1
0 10.226452 17.719440 -10.226460 0.340447 0.024372 -1
0 13.919170 15.236113 -13.919180 0.375038 0.021509 -1
0 17.251554 9.541773 -17.251562 0.422381 0.017411 -1
0 7.176239 20.174120 -7.177399 0.820455 0.044214 -1
0 8.674170 16.825777 -8.674181 0.844968 0.049539 -1
0 17.865181 4.240332 -17.865187 0.463613 0.013888 -1
0 8.674170 16.825777 -8.674181 0.326445 0.025511 -1
0 9.376208 20.174120 -3.884384 0.777959 0.046217 -1
0 11.333350 16.825777 -4.694437 0.785517 0.052179 -1
0 22.540241 9.541773 -9.336480 0.452129 0.026477 -1
0 23.341980 4.240332 -9.668572 0.500984 0.025191 -1
0 11.333350 16.825777 -4.694437 0.338811 0.029384 -1
0 13.361502 17.719440 -5.534524 0.355192 0.028998 -1
0 18.186272 15.236113 -7.533009 0.395871 0.028002 -1
0 19.684677 15.236113 -0.000008 0.395273 0.034996 -1
0 24.397379 9.541773 -0.000006 0.451909 0.036275 -1
0 10.148734 20.174120 -0.000009 0.733380 0.046277 -1
0 12.267131 16.825777 -0.000009 0.724156 0.052019 -1
0 25.265175 4.240332 -0.000006 0.500984 0.037420 -1
0 12.267131 16.825777 -0.000009 0.338364 0.033545 -1
0 14.462385 17.719440 -0.000009 0.354656 0.033973 -1
0 11.333349 16.825777 4.694419 0.325213 0.037366 -1
0 13.361500 17.719440 5.534506 0.338949 0.038541 -1
0 18.186270 15.236113 7.532993 0.373328 0.041429 -1
0 22.540234 9.541773 9.336468 0.421743 0.045318 -1
0 9.376206 20.174120 3.884367 0.692551 0.044155 -1
0 11.333349 16.825777 4.694419 0.667075 0.049206 -1
0 23.341976 4.240332 9.668557 0.463593 0.048722 -1
0 7.176238 20.174120 7.177381 0.661406 0.040201 -1
0 8.674170 16.825777 8.674162 0.621413 0.043739 -1
0 17.251545 9.541773 17.251547 0.366184 0.052232 -1
0 17.865170 4.240332 17.865170 0.394438 0.057381 -1
0 8.674170 16.825777 8.674162 0.301350 0.040265 -1
0 10.226448 17.719440 10.226440 0.310441 0.042008 -1
0 13.919165 15.236113 13.919161 0.333355 0.046322 -1
0 5.534512 17.719440 13.361491 0.273472 0.043846 -1
0 7.532994 15.236113 18.186262 0.281428 0.048929 -1
0 9.336462 9.541773 22.540232 0.293660 0.055962 -1
0 3.883750 20.174120 9.377701 0.644753 0.034986 -1
0 4.694425 16.825777 11.333342 0.595648 0.036316 -1
0 9.668556 4.240332 23.341970 0.304000 0.062074 -1
0 4.694425 16.825777 11.333342 0.270413 0.041799 -1
0 -0.000004 16.825777 12.267120 0.237117 0.041735 -1
0 -0.000004 17.719440 14.462376 0.233672 0.043774 -1
0 -0.000007 15.236113 19.684666 0.225449 0.048853 -1
0 -0.000011 9.541773 24.397369 0.215205 0.055939 -1
0 -0.000003 20.174120 10.150351 0.646026 0.029346 -1
0 -0.000004 16.825777 12.267120 0.595222 0.027973 -1
0 -0.000009 4.240332 25.265163 0.206033 0.062081 -1
0 -7.533006 15.236113 18.186256 0.173950 0.046103 -1
0 -9.336483 9.541773 22.540224 0.142779 0.052160 -1
0 -3.883755 20.174120 9.377698 0.663709 0.024077 -1
0 -4.694431 16.825777 11.333339 0.622942 0.020325 -1
0 -9.668572 4.240332 23.341965 0.115486 0.057397 -1
0 -4.694431 16.825777 11.333339 0.206533 0.040083 -1
0 -5.534519 17.719440 13.361489 0.197106 0.041802 -1
0 -10.226453 17.719440 10.226436 0.169346 0.038231 -1
0 -13.919175 15.236113 13.919155 0.134780 0.041097 -1
0 -17.251562 9.541773 17.251532 0.087429 0.045202 -1
0 -7.176241 20.174120 7.177376 0.696481 0.020131 -1
0 -8.674173 16.825777 8.674157 0.671075 0.014801 -1
0 -17.865185 4.240332 17.865160 0.046174 0.048735 -1
0 -8.674173 16.825777 8.674157 0.183323 0.037092 -1
0 -22.540243 9.541773 9.336450 0.057594 0.036126 -1
0 -23.341982 4.240332 9.668543 0.008662 0.037416 -1
0 -11.333351 16.825777 4.694413 0.171024 0.033218 -1
0 -13.361504 17.719440 5.534499 0.154623 0.033602 -1
0 -18.186274 15.236113 7.532982 0.113912 0.034598 -1
0 -9.376208 20.174120 3.884361 0.738657 0.018059 -1
0 -11.333351 16.825777 4.694413 0.731189 0.012044 -1
0 -19.684677 15.236113 -0.000020 0.114525 0.027595 -1
0 -24.397377 9.541773 -0.000024 0.057820 0.026313 -1
0 -10.148732 20.174120 -0.000014 0.783726 0.018079 -1
0 -12.267129 16.825777 -0.000015 0.793687 0.012275 -1
0 -25.265175 4.240332 -0.000023 0.008665 0.025164 -1
0 -12.267129 16.825777 -0.000015 0.171510 0.029051 -1
0 -14.462386 17.719440 -0.000017 0.155181 0.028622 -1
0 -13.361500 17.719440 -5.534532 0.170935 0.024049 -1
0 -18.186268 15.236113 -7.533020 0.136527 0.021156 -1
0 -22.540234 9.541773 -9.336496 0.088073 0.017259 -1
0 -9.376205 20.174120 -3.884388 0.824952 0.020365 -1
0 -11.333347 16.825777 -4.694443 0.851376 0.015270 -1
0 -23.341972 4.240332 -9.668586 0.046185 0.013846 -1
0 -11.333347 16.825777 -4.694443 0.184705 0.025226 -1
0 -17.251541 9.541773 -17.251572 0.143744 0.010344 -1
0 -17.865168 4.240332 -17.865194 0.115508 0.005186 -1
0 -8.674165 16.825777 -8.674184 0.208596 0.022324 -1
0 -10.226445 17.719440 -10.226465 0.199480 0.020579 -1
0 -13.919161 15.236113 -13.919186 0.176562 0.016262 -1
0 -7.176235 20.174120 -7.177400 0.856505 0.024382 -1
0 -8.674165 16.825777 -8.674184 0.896939 0.020843 -1
0 -7.532990 15.236113 -18.186283 0.228526 0.013657 -1
0 -9.336458 9.541773 -22.540255 0.216345 0.006621 -1
0 -3.883748 20.174120 -9.377721 0.873171 0.029624 -1
0 -4.694420 16.825777 -11.333361 0.922477 0.028317 -1
0 -9.668551 4.240332 -23.341991 0.206068 0.000506 -1
0 -4.694420 16.825777 -11.333361 0.239536 0.020788 -1
0 -5.534508 17.719440 -13.361513 0.236463 0.018741 -1
0 7.176239 20.174120 -7.177399 0.797861 0.040573 -1
0 3.883753 20.174120 -9.377721 0.819941 0.037813 -1
0 0.000005 20.174120 -10.150368 0.831891 0.034208 -1
0 -3.883748 20.174120 -9.377721 0.831891 0.030305 -1
0 -7.176235 20.174120 -7.177400 0.819941 0.026699 -1
0 -9.376205 20.174120 -3.884388 0.797861 0.023940 -1
0 -10.148732 20.174120 -0.000014 0.769011 0.022446 -1
0 -9.376208 20.174120 3.884361 0.737785 0.022446 -1
0 -7.176241 20.174120 7.177376 0.708936 0.023939 -1
0 -3.883755 20.174120 9.377698 0.686856 0.026698 -1
0 -0.000003 20.174120 10.150351 0.674906 0.030304 -1
0 3.883750 20.174120 9.377701 0.674906 0.034207 -1
0 7.176238 20.174120 7.177381 0.686856 0.037812 -1
0 9.376206 20.174120 3.884367 0.708936 0.040572 -1
0 10.148734 20.174120 -0.000009 0.737785 0.042066 -1
0 9.376208 20.174120 -3.884384 0.769012 0.042066 -1
0 -9.541581 20.725777 -9.541602 0.529526 0.054585 -1
0 -8.674165 16.825777 -8.674184 0.509270 0.054595 -1
0 -4.694420 16.825777 -11.333361 0.509311 0.053322 -1
0 -5.163863 20.725777 -12.466697 0.529567 0.053326 -1
0 12.466684 20.725777 5.163861 0.529639 0.046089 -1
0 13.493843 20.725777 -0.000010 0.529649 0.047346 -1
0 12.267131 16.825777 -0.000009 0.509393 0.047353 -1
0 11.333349 16.825777 4.694419 0.509383 0.046090 -1
0 0.000007 20.725777 -13.493853 0.529481 0.052137 -1
0 0.000007 16.825777 -12.267138 0.509225 0.052137 -1
0 4.694428 16.825777 -11.333361 0.509366 0.051016 -1
0 5.163871 20.725777 -12.466697 0.529622 0.051004 -1
1 8.674170 16.825777 -8.674181 0.509327 0.049853 -1
1 9.541588 20.725777 -9.541599 0.529581 0.049832 -1
0 -0.000004 20.725777 13.493833 0.529605 0.062386 -1
0 -0.000004 16.825777 12.267120 0.509349 0.062394 -1
0 -4.694431 16.825777 11.333339 0.509219 0.061075 -1
0 -5.163875 20.725777 12.466674 0.529475 0.061075 -1
0 -0.000004 20.725777 13.493833 0.529230 0.042026 -1
0 5.163867 20.725777 12.466677 0.529449 0.043398 -1
0 4.694425 16.825777 11.333342 0.509193 0.043395 -1
0 -0.000004 16.825777 12.267120 0.508975 0.042039 -1
0 8.674170 16.825777 8.674162 0.509343 0.044727 -1
0 9.541586 20.725777 9.541579 0.529599 0.044728 -1
0 -13.493843 20.725777 -0.000016 0.529596 0.057116 -1
0 -12.267129 16.825777 -0.000015 0.509340 0.057117 -1
0 -11.333347 16.825777 -4.694443 0.509258 0.055835 -1
0 -12.466682 20.725777 -5.163887 0.529513 0.055822 -1
0 -12.466687 20.725777 5.163855 0.529504 0.058368 -1
0 -9.541591 20.725777 9.541574 0.529639 0.059721 -1
0 -8.674173 16.825777 8.674157 0.509383 0.059719 -1
0 -11.333351 16.825777 4.694413 0.509249 0.058385 -1
0 12.466686 20.725777 -5.163880 0.529494 0.048618 -1
1 11.333350 16.825777 -4.694437 0.509238 0.048628 -1
196
-0.187217 0.771228 -0.608405
-0.405792 0.771228 -0.490449
0.113458 0.985058 0.129572
0.055237 0.985058 0.163127
-0.562589 0.771228 -0.297826
0.154406 0.985058 0.076290
0.608405 0.771228 -0.187216
0.490448 0.771228 -0.405792
-0.129572 0.985058 0.113458
-0.163127 0.985058 0.055236
0.562589 0.771228 0.297826
0.633738 0.771228 0.059861
-0.171848 0.985058 -0.011394
-0.154406 0.985058 -0.076290
-0.490449 0.771228 0.405792
-0.297826 0.771228 0.562589
0.076290 0.985058 -0.154407
0.129572 0.985058 -0.113458
-0.633738 0.771228 -0.059861
-0.608405 0.771228 0.187216
0.163127 0.985058 -0.055236
0.171848 0.985058 0.011394
0.947173 0.000000 0.320723
0.997809 0.000000 -0.066159
0.405792 0.771228 0.490449
-0.113458 0.985058 -0.129572
-0.059861 0.771228 0.633738
0.187216 0.771228 0.608405
-0.055236 0.985058 -0.163127
0.011394 0.985058 -0.171848
0.297826 0.771228 -0.562589
-0.076290 0.985058 0.154406
0.059861 0.771228 -0.633738
-0.011394 0.985058 0.171848
0.000000 -1.000000 0.000000
0.896538 0.000000 -0.442968
0.658776 0.000000 -0.752339
-0.752339 0.000000 -0.658777
-0.947173 0.000000 -0.320723
-0.442968 0.000000 -0.896538
0.320722 0.000000 -0.947173
-0.066159 0.000000 -0.997809
-0.320722 0.000000 0.947173
0.066159 0.000000 0.997809
0.442968 0.000000 0.896538
0.752339 0.000000 0.658777
-0.997809 0.000000 0.066158
-0.896538 0.000000 0.442967
-0.658776 0.000000 0.752339
-0.007215 0.414851 -0.909861
-0.011413 0.789463 -0.613692
0.224305 0.789463 -0.571345
0.341523 0.414851 -0.843363
0.055964 0.533529 -0.843928
-0.055955 0.533530 -0.843928
0.271282 0.533549 -0.801081
0.374653 0.533589 -0.758234
0.065294 0.161196 -0.984760
0.437175 0.161196 -0.884813
-0.029207 0.999169 -0.028438
0.024992 0.925907 0.376925
-0.121154 0.925906 0.357798
-0.016101 0.999169 -0.037450
-0.000543 0.999169 -0.040761
0.425875 0.789463 -0.442016
0.638267 0.414851 -0.648470
0.557164 0.533638 -0.636239
0.636247 0.533695 -0.557099
0.742500 0.161196 -0.650161
-0.248855 0.925906 0.284198
0.758165 0.533744 -0.374571
0.800950 0.533786 -0.271203
0.837841 0.414851 -0.354854
0.934787 0.161196 -0.316528
-0.338670 0.925906 0.167333
0.015096 0.999169 -0.037866
0.562609 0.789463 -0.245394
0.613692 0.789463 -0.011413
0.909861 0.414851 -0.007215
0.843755 0.533806 -0.055945
0.843754 0.533808 0.055936
0.984760 0.161196 0.065294
-0.376926 0.925906 0.024992
0.028438 0.999169 -0.029207
-0.357798 0.925906 -0.121154
0.037450 0.999169 -0.016101
0.571345 0.789463 0.224305
0.843363 0.414851 0.341523
0.800956 0.533787 0.271184
0.758159 0.533747 0.374577
0.884813 0.161196 0.437175
0.636259 0.533698 0.557083
0.557147 0.533641 0.636251
0.648470 0.414851 0.638267
0.650161 0.161196 0.742500
-0.284199 0.925906 -0.248855
0.040761 0.999169 -0.000544
0.442016 0.789463 0.425875
0.037866 0.999169 0.015096
0.245394 0.789463 0.562610
0.354854 0.414851 0.837841
0.374659 0.533592 0.758228
0.271262 0.533550 0.801087
0.316528 0.161196 0.934787
-0.167333 0.925906 -0.338670
-0.024992 0.925906 -0.376926
0.029207 0.999169 0.028438
0.011413 0.789463 0.613692
0.007215 0.414851 0.909861
0.055955 0.533531 0.843928
-0.055964 0.533529 0.843928
-0.065294 0.161196 0.984760
-0.224305 0.789463 0.571345
-0.341523 0.414851 0.843363
-0.271282 0.533549 0.801081
-0.374653 0.533589 0.758233
-0.437175 0.161196 0.884813
0.121154 0.925906 -0.357798
0.016101 0.999169 0.037450
0.000544 0.999169 0.040761
-0.425875 0.789463 0.442016
-0.638267 0.414851 0.648470
-0.557164 0.533638 0.636238
-0.636247 0.533695 0.557099
-0.742500 0.161196 0.650161
0.248855 0.925906 -0.284199
-0.837841 0.414851 0.354854
-0.934787 0.161196 0.316527
0.338670 0.925906 -0.167333
-0.015096 0.999169 0.037866
-0.562610 0.789463 0.245394
-0.758165 0.533744 0.374571
-0.800950 0.533786 0.271203
-0.613692 0.789463 0.011413
-0.909861 0.414851 0.007215
-0.843755 0.533806 0.055945
-0.843754 0.533808 -0.055936
-0.984760 0.161196 -0.065294
0.376926 0.925906 -0.024992
-0.028438 0.999169 0.029207
-0.037450 0.999169 0.016101
-0.571345 0.789463 -0.224305
-0.843363 0.414851 -0.341523
-0.800956 0.533787 -0.271184
-0.758159 0.533747 -0.374578
-0.884813 0.161196 -0.437175
0.357798 0.925906 0.121154
-0.648470 0.414851 -0.638267
-0.650161 0.161196 -0.742501
0.284198 0.925906 0.248855
-0.040761 0.999169 0.000543
-0.442016 0.789463 -0.425875
-0.636258 0.533698 -0.557083
-0.557147 0.533641 -0.636251
-0.245394 0.789463 -0.562609
-0.354854 0.414851 -0.837841
-0.374659 0.533592 -0.758228
-0.271262 0.533550 -0.801088
-0.316528 0.161196 -0.934787
0.167332 0.925906 0.338670
-0.037866 0.999169 -0.015097
0.000000 1.000000 0.000000
0.674525 0.300049 0.674526
0.674525 0.300049 0.674527
0.422640 0.299451 0.855397
0.306004 0.299451 0.903709
-0.881311 0.300049 -0.365051
-0.953924 0.300049 -0.000000
-0.953924 0.300049 -0.000000
-0.881311 0.300049 -0.365051
-0.063123 0.299451 0.952021
0.063123 0.299451 0.952021
-0.306005 0.299451 0.903709
-0.422641 0.299451 0.855397
-0.628546 0.299451 0.717815
-0.717815 0.299451 0.628546
0.186421 0.294789 -0.937201
0.186421 0.294789 -0.937201
0.306005 0.299451 -0.903709
0.422641 0.299451 -0.855397
-0.186421 0.294789 -0.937202
-0.365051 0.300049 -0.881311
-0.365051 0.300049 -0.881311
-0.186421 0.294789 -0.937202
-0.717815 0.299450 -0.628546
-0.628546 0.299450 -0.717816
0.952021 0.299451 0.063123
0.952021 0.299451 -0.063123
0.881310 0.300049 0.365051
0.881310 0.300049 0.365051
0.881311 0.300049 -0.365051
0.674526 0.300049 -0.674526
0.674526 0.300049 -0.674526
0.881311 0.300049 -0.365050
-0.903709 0.299451 0.306005
-0.855397 0.299451 0.422641
284
0 0 1 2 0 1 2 1
0 0 2 3 0 2 3 1
0 1 4 5 1 4 5 1
0 1 5 2 1 5 2 1
0 6 7 8 6 7 8 1
0 6 8 9 6 8 9 1
0 10 11 12 10 11 12 1
0 10 12 13 10 12 13 1
0 14 15 16 14 15 16 1
0 14 16 17 14 16 17 1
0 11 6 9 11 6 9 1
0 11 9 12 11 9 12 1
0 18 19 20 18 19 20 1
0 18 20 21 18 20 21 1
0 19 14 17 19 14 17 1
0 19 17 20 19 17 20 1
0 4 18 21 4 18 21 1
0 4 21 5 4 21 5 1
0 11 10 22 11 10 22 1
0 11 22 23 11 22 23 1
0 24 10 13 24 10 13 1
0 24 13 25 24 13 25 1
0 26 27 28 26 27 28 1
0 26 28 29 26 28 29 1
0 27 24 25 27 24 25 1
0 27 25 28 27 25 28 1
0 7 30 31 7 30 31 1
0 7 31 8 7 31 8 1
0 32 0 3 32 0 3 1
0 32 3 33 32 3 33 1
0 15 26 29 15 26 29 1
0 15 29 16 15 29 16 1
0 30 32 33 30 32 33 1
0 30 33 31 30 33 31 1
0 34 35 36 34 34 34 1
0 34 36 37 34 34 34 1
0 34 37 38 34 34 34 1
0 34 38 39 34 34 34 1
0 34 39 40 34 34 34 1
0 34 40 41 34 34 34 1
0 34 41 42 34 34 34 1
0 34 42 43 34 34 34 1
0 34 43 44 34 34 34 1
0 34 44 45 34 34 34 1
0 34 45 46 34 34 34 1
0 34 46 47 34 34 34 1
0 34 47 48 34 34 34 1
0 34 48 49 34 34 34 1
0 7 6 50 7 6 35 1
0 7 50 51 7 35 36 1
0 4 1 52 4 1 37 1
0 4 52 53 4 37 38 1
0 1 0 54 1 0 39 1
0 1 54 52 1 39 37 1
0 32 30 55 32 30 40 1
0 32 55 56 32 40 41 1
0 26 15 57 26 15 42 1
0 26 57 58 26 42 43 1
0 0 32 56 0 32 41 1
0 0 56 54 0 41 39 1
0 30 7 51 30 7 36 1
0 30 51 55 30 36 40 1
0 24 27 59 24 27 44 1
0 24 59 60 24 44 45 1
0 27 26 58 27 26 43 1
0 27 58 59 27 43 44 1
0 10 24 60 10 24 45 1
0 10 60 22 10 45 22 1
0 18 4 53 18 4 38 1
0 18 53 61 18 38 46 1
0 14 19 62 14 19 47 1
0 14 62 63 14 47 48 1
0 19 18 61 19 18 46 1
0 19 61 62 19 46 47 1
0 6 11 23 6 11 23 1
0 6 23 50 6 23 35 1
0 15 14 63 15 14 48 1
0 15 63 57 15 48 42 1
0 64 65 66 49 50 51 1
0 64 66 67 49 51 52 1
0 68 69 70 53 54 55 1
0 68 70 71 53 55 56 1
0 72 64 67 57 49 52 1
0 72 67 73 57 52 58 1
0 74 75 76 59 60 61 1
0 74 76 77 59 61 62 1
0 65 74 77 50 59 62 1
0 65 77 66 50 62 51 1
0 66 77 78 51 62 63 1
0 66 78 79 51 63 64 1
0 67 66 79 52 51 64 1
0 67 79 80 52 64 65 1
0 71 70 81 56 55 66 1
0 71 81 82 56 66 67 1
0 73 67 80 58 52 65 1
0 73 80 83 58 65 68 1
0 77 76 84 62 61 69 1
0 77 84 78 62 69 63 1
0 82 81 85 67 66 70 1
0 82 85 86 67 70 71 1
0 83 80 87 68 65 72 1
0 83 87 88 68 72 73 1
0 78 84 89 63 69 74 1
0 78 89 90 63 74 75 1
0 79 78 90 64 63 75 1
0 79 90 91 64 75 76 1
0 80 79 91 65 64 76 1
0 80 91 87 65 76 72 1
0 87 91 92 72 76 77 1
0 87 92 93 72 77 78 1
0 86 85 94 71 70 79 1
0 86 94 95 71 79 80 1
0 88 87 93 73 72 78 1
0 88 93 96 73 78 81 1
0 90 89 97 75 74 82 1
0 90 97 98 75 82 83 1
0 91 90 98 76 75 83 1
0 91 98 92 76 83 77 1
0 98 97 99 83 82 84 1
0 98 99 100 83 84 85 1
0 92 98 100 77 83 85 1
0 92 100 101 77 85 86 1
0 93 92 101 78 77 86 1
0 93 101 102 78 86 87 1
0 95 94 103 80 79 88 1
0 95 103 104 80 88 89 1
0 96 93 102 81 78 87 1
0 96 102 105 81 87 90 1
0 104 103 106 89 88 91 1
0 104 106 107 89 91 92 1
0 105 102 108 90 87 93 1
0 105 108 109 90 93 94 1
0 100 99 110 85 84 95 1
0 100 110 111 85 95 96 1
0 101 100 111 86 85 96 1
0 101 111 112 86 96 97 1
0 102 101 112 87 86 97 1
0 102 112 108 87 97 93 1
0 112 111 113 97 96 98 1
0 112 113 114 97 98 99 1
0 108 112 114 93 97 99 1
0 108 114 115 93 99 100 1
0 107 106 116 92 91 101 1
0 107 116 117 92 101 102 1
0 109 108 115 94 93 100 1
0 109 115 118 94 100 103 1
0 111 110 119 96 95 104 1
0 111 119 113 96 104 98 1
0 113 119 120 98 104 105 1
0 113 120 121 98 105 106 1
0 114 113 121 99 98 106 1
0 114 121 122 99 106 107 1
0 115 114 122 100 99 107 1
0 115 122 123 100 107 108 1
0 117 116 124 102 101 109 1
0 117 124 125 102 109 110 1
0 118 115 123 103 100 108 1
0 118 123 126 103 108 111 1
0 123 122 127 108 107 112 1
0 123 127 128 108 112 113 1
0 125 124 129 110 109 114 1
0 125 129 130 110 114 115 1
0 126 123 128 111 108 113 1
0 126 128 131 111 113 116 1
0 121 120 132 106 105 117 1
0 121 132 133 106 117 118 1
0 122 121 133 107 106 118 1
0 122 133 127 107 118 112 1
0 127 133 134 112 118 119 1
0 127 134 135 112 119 120 1
0 128 127 135 113 112 120 1
0 128 135 136 113 120 121 1
0 130 129 137 115 114 122 1
0 130 137 138 115 122 123 1
0 131 128 136 116 113 121 1
0 131 136 139 116 121 124 1
0 133 132 140 118 117 125 1
0 133 140 134 118 125 119 1
0 139 136 141 124 121 126 1
0 139 141 142 124 126 127 1
0 134 140 143 119 125 128 1
0 134 143 144 119 128 129 1
0 135 134 144 120 119 129 1
0 135 144 145 120 129 130 1
0 136 135 145 121 120 130 1
0 136 145 141 121 130 126 1
0 138 137 146 123 122 131 1
0 138 146 147 123 131 132 1
0 141 145 148 126 130 133 1
0 141 148 149 126 133 134 1
0 147 146 150 132 131 135 1
0 147 150 151 132 135 136 1
0 142 141 149 127 126 134 1
0 142 149 152 127 134 137 1
0 144 143 153 129 128 138 1
0 144 153 154 129 138 139 1
0 145 144 154 130 129 139 1
0 145 154 148 130 139 133 1
0 148 154 155 133 139 140 1
0 148 155 156 133 140 141 1
0 149 148 156 134 133 141 1
0 149 156 157 134 141 142 1
0 151 150 158 136 135 143 1
0 151 158 159 136 143 144 1
0 152 149 157 137 134 142 1
0 152 157 160 137 142 145 1
0 154 153 161 139 138 146 1
0 154 161 155 139 146 140 1
0 160 157 162 145 142 147 1
0 160 162 163 145 147 148 1
0 155 161 164 140 146 149 1
0 155 164 165 140 149 150 1
0 156 155 165 141 140 150 1
0 156 165 166 141 150 151 1
0 157 156 166 142 141 151 1
0 157 166 162 142 151 147 1
0 159 158 167 144 143 152 1
0 159 167 168 144 152 153 1
0 162 166 169 147 151 154 1
0 162 169 170 147 154 155 1
0 168 167 171 153 152 156 1
0 168 171 172 153 156 157 1
0 163 162 170 148 147 155 1
0 163 170 173 148 155 158 1
0 165 164 174 150 149 159 1
0 165 174 175 150 159 160 1
0 166 165 175 151 150 160 1
0 166 175 169 151 160 154 1
0 176 177 178 161 161 161 1
0 176 178 179 161 161 161 1
0 176 179 180 161 161 161 1
0 176 180 181 161 161 161 1
0 176 181 182 161 161 161 1
0 176 182 183 161 161 161 1
0 176 183 184 161 161 161 1
0 176 184 185 161 161 161 1
0 176 185 186 161 161 161 1
0 176 186 187 161 161 161 1
0 176 187 188 161 161 161 1
0 176 188 189 161 161 161 1
0 176 189 190 161 161 161 1
0 176 190 191 161 161 161 1
0 169 175 74 154 160 59 1
0 169 74 65 154 59 50 1
0 170 169 65 155 154 50 1
0 170 65 64 155 50 49 1
0 172 171 69 157 156 54 1
0 172 69 68 157 54 53 1
0 173 170 64 158 155 49 1
0 173 64 72 158 49 57 1
0 175 174 75 160 159 60 1
0 175 75 74 160 60 59 1
0 192 193 194 162 163 164 1
0 195 192 194 165 162 164 1
0 196 197 198 166 167 168 1
0 199 196 198 169 166 168 1
0 200 201 202 170 171 172 1
0 203 200 202 173 170 172 1
0 203 202 204 173 172 174 1
0 205 203 204 175 173 174 1
0 206 207 208 176 177 178 1
0 209 206 208 179 176 178 1
0 210 211 212 180 181 182 1
0 213 210 212 183 180 182 1
0 196 199 214 166 169 184 1
0 215 196 214 185 166 184 1
0 215 214 212 185 184 182 1
0 211 215 212 181 185 182 1
0 216 217 218 186 187 188 1
0 219 216 218 189 186 188 1
0 220 221 222 190 191 192 1
0 223 220 222 193 190 192 1
0 220 223 217 190 193 187 1
0 216 220 217 186 190 187 1
0 192 219 218 162 189 188 1
0 193 192 218 163 162 188 1
0 224 225 198 194 195 168 1
0 197 224 198 167 194 168 1
0 195 194 201 165 164 171 1
0 200 195 201 170 165 171 1
0 209 208 222 179 178 192 1
0 221 209 222 191 179 192 1
1 205 204 225 175 174 195 1
0 224 205 225 194 175 195 1

Materials: 1
"Material.013"
0.200000 0.200000 0.200000 1.000000
0.800000 0.800000 0.800000 1.000000
0.000000 0.000000 0.000000 1.000000
0.000000 0.000000 0.000000 1.000000
0.000000
1.000000
""
""

Bones: 0
GroupComments: 0
MaterialComments: 0
BoneComments: 0
ModelComment: 0
