// MilkShape 3D ASCII

Frames: 1
Frame: 18

Meshes: 1
"Sphere.011" 0 0
192
0 -9.949751 4.368523 -24.020866 0.864257 0.051515 -1
0 -18.384756 4.368523 -18.384785 0.915410 0.045068 -1
0 -17.865168 4.240332 -17.865194 0.910804 0.04469 -1
0 -9.668551 4.240332 -23.341991 0.861159 0.050946 -1
0 -24.020849 4.368523 -9.949786 0.942940 0.036665 -1
0 -23.341972 4.240332 -9.668586 0.937528 0.036536 -1
0 24.020857 4.368523 -9.949772 0.605944 0.045227 -1
0 18.384769 4.368523 -18.384775 0.657472 0.051622 -1
0 17.865181 4.240332 -17.865187 0.660496 0.051047 -1
0 23.341980 4.240332 -9.668572 0.610501 0.04484 -1
0 24.020851 4.368523 9.949758 0.577636 0.02777 -1
0 25.999985 4.368523 -0.000006 0.577912 0.036851 -1
0 25.265175 4.240332 -0.000006 0.583307 0.036712 -1
0 23.341976 4.240332 9.668557 0.583048 0.027899 -1
0 -18.384773 4.368523 18.384748 0.863037 0.012813 -1
0 -9.949772 4.368523 24.020840 0.795827 0.009371 -1
0 -9.668572 4.240332 23.341965 0.794796 0.010048 -1
0 -17.865185 4.240332 17.865160 0.860012 0.013388 -1
0 -25.999985 4.368523 -0.000023 0.942655 0.027584 -1
0 -24.020859 4.368523 9.949742 0.914596 0.019208 -1
0 -23.341982 4.240332 9.668543 0.910039 0.019595 -1
0 -25.265175 4.240332 -0.000023 0.937259 0.027724 -1
0 24.020851 -0.000064 9.949758 0.568420 0.027449 -1
0 25.999985 -0.000064 -0.000006 0.568416 0.036992 -1
0 18.384758 4.368523 18.384758 0.605111 0.019365 -1
0 17.865170 4.240332 17.865170 0.609718 0.019743 -1
0 -0.000009 4.368523 25.999973 0.723204 0.009408 -1
0 9.949755 4.368523 24.020845 0.656231 0.012918 -1
0 9.668556 4.240332 23.341970 0.659330 0.013487 -1
0 -0.000009 4.240332 25.265163 0.724323 0.010082 -1
0 9.949766 4.368523 -24.020866 0.724662 0.055063 -1
0 9.668566 4.240332 -23.341991 0.725693 0.054387 -1
0 0.000000 4.368523 -26.000000 0.797277 0.055026 -1
0 0.000000 4.240332 -25.265190 0.796158 0.054352 -1
0 9.949766 -0.000064 -24.020866 0.268370 0.03942 -1
0 18.384769 -0.000064 -18.384775 0.292722 0.038159 -1
0 24.020857 -0.000064 -9.949772 0.311359 0.035829 -1
0 25.999985 -0.000064 -0.000006 0.321446 0.032785 -1
0 24.020851 -0.000064 9.949758 0.321446 0.02949 -1
0 18.384758 -0.000064 18.384758 0.311359 0.026447 -1
0 9.949755 -0.000064 24.020845 0.292721 0.024117 -1
0 -0.000009 -0.000064 25.999973 0.268370 0.022856 -1
0 -9.949772 -0.000064 24.020840 0.242012 0.022856 -1
0 -18.384773 -0.000064 18.384748 0.217661 0.024117 -1
0 -24.020859 -0.000064 9.949742 0.199023 0.026447 -1
0 -25.999985 -0.000064 -0.000023 0.188937 0.02949 -1
0 -24.020849 -0.000064 -9.949786 0.188937 0.032785 -1
0 -18.384756 -0.000064 -18.384785 0.199023 0.035829 -1
0 -9.949751 -0.000064 -24.020866 0.217661 0.038159 -1
0 -0.000000 -0.000064 -26.000000 0.242012 0.03942 -1
0 24.020857 -0.000064 -9.949772 0.597607 0.04581 -1
0 18.384769 -0.000064 -18.384775 0.651565 0.05256 -1
0 -18.384756 -0.000064 -18.384785 0.922940 0.045806 -1
0 -24.020849 -0.000064 -9.949786 0.952157 0.036987 -1
0 -9.949751 -0.000064 -24.020866 0.868958 0.052556 -1
0 9.949766 -0.000064 -24.020866 0.722089 0.056212 -1
0 -0.000000 -0.000064 -26.000000 0.798430 0.056211 -1
0 -9.949772 -0.000064 24.020840 0.798410 0.008222 -1
0 -0.000009 -0.000064 25.999973 0.722064 0.008223 -1
0 9.949755 -0.000064 24.020845 0.651539 0.011878 -1
0 18.384758 -0.000064 18.384758 0.597583 0.01863 -1
0 -25.999985 -0.000064 -0.000023 0.952157 0.027442 -1
0 -24.020859 -0.000064 9.949742 0.922938 0.018623 -1
0 -18.384773 -0.000064 18.384748 0.868949 0.011874 -1
0 0.000000 9.541773 -24.397394 0.294804 0.006659 -1
0 0.000000 15.236113 -19.684690 0.284495 0.01374 -1
0 7.533002 15.236113 -18.186283 0.335941 0.016499 -1
0 9.336474 9.541773 -22.540251 0.367153 0.01045 -1
0 0.000007 16.825777 -12.267138 0.922477 0.036685 -1
0 0.000005 20.174120 -10.150368 0.872144 0.035256 -1
0 3.883753 20.174120 -9.377721 0.853646 0.04039 -1
0 4.694428 16.825777 -11.333361 0.893469 0.044212 -1
0 0.000000 4.240332 -25.265190 0.304051 0.000519 -1
0 9.668566 4.240332 -23.341991 0.394490 0.005222 -1
0 0.000000 17.719440 -14.462400 0.276244 0.018815 -1
0 0.000007 16.825777 -12.267138 0.272803 0.020853 -1
0 4.694428 16.825777 -11.333361 0.303324 0.02251 -1
0 5.534517 17.719440 -13.361513 0.312754 0.020793 -1
0 10.226452 17.719440 -10.226460 0.340447 0.024372 -1
0 13.919170 15.236113 -13.919180 0.375038 0.021509 -1
0 17.251554 9.541773 -17.251562 0.422381 0.017411 -1
0 7.176239 20.174120 -7.177399 0.820455 0.044214 -1
0 8.674170 16.825777 -8.674181 0.844968 0.049539 -1
0 17.865181 4.240332 -17.865187 0.463613 0.013888 -1
0 8.674170 16.825777 -8.674181 0.326445 0.025511 -1
0 9.376208 20.174120 -3.884384 0.777959 0.046217 -1
0 11.333350 16.825777 -4.694437 0.785517 0.052179 -1
0 22.540241 9.541773 -9.336480 0.452129 0.026477 -1
0 23.341980 4.240332 -9.668572 0.500984 0.025191 -1
0 11.333350 16.825777 -4.694437 0.338811 0.029384 -1
0 13.361502 17.719440 -5.534524 0.355192 0.028998 -1
0 18.186272 15.236113 -7.533009 0.395871 0.028002 -1
0 19.684677 15.236113 -0.000008 0.395273 0.034996 -1
0 24.397379 9.541773 -0.000006 0.451909 0.036275 -1
0 10.148734 20.174120 -0.000009 0.733380 0.046277 -1
0 12.267131 16.825777 -0.000009 0.724156 0.052019 -1
0 25.265175 4.240332 -0.000006 0.500984 0.03742 -1
0 12.267131 16.825777 -0.000009 0.338364 0.033545 -1
0 14.462385 17.719440 -0.000009 0.354656 0.033973 -1
0 11.333349 16.825777 4.694419 0.325213 0.037366 -1
0 13.361500 17.719440 5.534506 0.338949 0.038541 -1
0 18.186270 15.236113 7.532993 0.373328 0.041429 -1
0 22.540234 9.541773 9.336468 0.421743 0.045318 -1
0 9.376206 20.174120 3.884367 0.692551 0.044155 -1
0 11.333349 16.825777 4.694419 0.667075 0.049206 -1
0 23.341976 4.240332 9.668557 0.463593 0.048722 -1
0 7.176238 20.174120 7.177381 0.661406 0.040201 -1
0 8.674170 16.825777 8.674162 0.621413 0.043739 -1
0 17.251545 9.541773 17.251547 0.366184 0.052232 -1
0 17.865170 4.240332 17.865170 0.394438 0.057381 -1
0 8.674170 16.825777 8.674162 0.301350 0.040265 -1
0 10.226448 17.719440 10.226440 0.310441 0.042008 -1
0 13.919165 15.236113 13.919161 0.333355 0.046322 -1
0 5.534512 17.719440 13.361491 0.273472 0.043846 -1
0 7.532994 15.236113 18.186262 0.281428 0.048929 -1
0 9.336462 9.541773 22.540232 0.293660 0.055962 -1
0 3.883750 20.174120 9.377701 0.644753 0.034986 -1
0 4.694425 16.825777 11.333342 0.595648 0.036316 -1
0 9.668556 4.240332 23.341970 0.304000 0.062074 -1
0 4.694425 16.825777 11.333342 0.270413 0.041799 -1
0 -0.000004 16.825777 12.267120 0.237117 0.041735 -1
0 -0.000004 17.719440 14.462376 0.233672 0.043774 -1
0 -0.000007 15.236113 19.684666 0.225449 0.048853 -1
0 -0.000011 9.541773 24.397369 0.215205 0.055939 -1
0 -0.000003 20.174120 10.150351 0.646026 0.029346 -1
0 -0.000004 16.825777 12.267120 0.595222 0.027973 -1
0 -0.000009 4.240332 25.265163 0.206033 0.062081 -1
0 -7.533006 15.236113 18.186256 0.173950 0.046103 -1
0 -9.336483 9.541773 22.540224 0.142779 0.05216 -1
0 -3.883755 20.174120 9.377698 0.663709 0.024077 -1
0 -4.694431 16.825777 11.333339 0.622942 0.020325 -1
0 -9.668572 4.240332 23.341965 0.115486 0.057397 -1
0 -4.694431 16.825777 11.333339 0.206533 0.040083 -1
0 -5.534519 17.719440 13.361489 0.197106 0.041802 -1
0 -10.226453 17.719440 10.226436 0.169346 0.038231 -1
0 -13.919175 15.236113 13.919155 0.134780 0.041097 -1
0 -17.251562 9.541773 17.251532 0.087429 0.045202 -1
0 -7.176241 20.174120 7.177376 0.696481 0.020131 -1
0 -8.674173 16.825777 8.674157 0.671075 0.014801 -1
0 -17.865185 4.240332 17.865160 0.046174 0.048735 -1
0 -8.674173 16.825777 8.674157 0.183323 0.037092 -1
0 -22.540243 9.541773 9.336450 0.057594 0.036126 -1
0 -23.341982 4.240332 9.668543 0.008662 0.037416 -1
0 -11.333351 16.825777 4.694413 0.171024 0.033218 -1
0 -13.361504 17.719440 5.534499 0.154623 0.033602 -1
0 -18.186274 15.236113 7.532982 0.113912 0.034598 -1
0 -9.376208 20.174120 3.884361 0.738657 0.018059 -1
0 -11.333351 16.825777 4.694413 0.731189 0.012044 -1
0 -19.684677 15.236113 -0.000020 0.114525 0.027595 -1
0 -24.397377 9.541773 -0.000024 0.057820 0.026313 -1
0 -10.148732 20.174120 -0.000014 0.783726 0.018079 -1
0 -12.267129 16.825777 -0.000015 0.793687 0.012275 -1
0 -25.265175 4.240332 -0.000023 0.008665 0.025164 -1
0 -12.267129 16.825777 -0.000015 0.171510 0.029051 -1
0 -14.462386 17.719440 -0.000017 0.155181 0.028622 -1
0 -13.361500 17.719440 -5.534532 0.170935 0.024049 -1
0 -18.186268 15.236113 -7.533020 0.136527 0.021156 -1
0 -22.540234 9.541773 -9.336496 0.088073 0.017259 -1
0 -9.376205 20.174120 -3.884388 0.824952 0.020365 -1
0 -11.333347 16.825777 -4.694443 0.851376 0.01527 -1
0 -23.341972 4.240332 -9.668586 0.046185 0.013846 -1
0 -11.333347 16.825777 -4.694443 0.184705 0.025226 -1
0 -17.251541 9.541773 -17.251572 0.143744 0.010344 -1
0 -17.865168 4.240332 -17.865194 0.115508 0.005186 -1
0 -8.674165 16.825777 -8.674184 0.208596 0.022324 -1
0 -10.226445 17.719440 -10.226465 0.199480 0.020579 -1
0 -13.919161 15.236113 -13.919186 0.176562 0.016262 -1
0 -7.176235 20.174120 -7.177400 0.856505 0.024382 -1
0 -8.674165 16.825777 -8.674184 0.896939 0.020843 -1
0 -7.532990 15.236113 -18.186283 0.228526 0.013657 -1
0 -9.336458 9.541773 -22.540255 0.216345 0.006621 -1
0 -3.883748 20.174120 -9.377721 0.873171 0.029624 -1
0 -4.694420 16.825777 -11.333361 0.922477 0.028317 -1
0 -9.668551 4.240332 -23.341991 0.206068 0.000506 -1
0 -4.694420 16.825777 -11.333361 0.239536 0.020788 -1
0 -5.534508 17.719440 -13.361513 0.236463 0.018741 -1
0 7.176239 20.174120 -7.177399 0.797861 0.040573 -1
0 3.883753 20.174120 -9.377721 0.819941 0.037813 -1
0 0.000005 20.174120 -10.150368 0.831891 0.034208 -1
0 -3.883748 20.174120 -9.377721 0.831891 0.030305 -1
0 -7.176235 20.174120 -7.177400 0.819941 0.026699 -1
0 -9.376205 20.174120 -3.884388 0.797861 0.02394 -1
0 -10.148732 20.174120 -0.000014 0.769011 0.022446 -1
0 -9.376208 20.174120 3.884361 0.737785 0.022446 -1
0 -7.176241 20.174120 7.177376 0.708936 0.023939 -1
0 -3.883755 20.174120 9.377698 0.686856 0.026698 -1
0 -0.000003 20.174120 10.150351 0.674906 0.030304 -1
0 3.883750 20.174120 9.377701 0.674906 0.034207 -1
0 7.176238 20.174120 7.177381 0.686856 0.037812 -1
0 9.376206 20.174120 3.884367 0.708936 0.040572 -1
0 10.148734 20.174120 -0.000009 0.737785 0.042066 -1
0 9.376208 20.174120 -3.884384 0.769012 0.042066 -1
114
0.097293 0.984547 0.145610
0.145610 0.984546 0.097294
-0.145610 0.984546 0.097293
-0.171759 0.984546 -0.034165
0.097294 0.984546 -0.145610
-0.171759 0.984546 0.034165
0.171759 0.984546 -0.034165
0.145610 0.984546 -0.097294
0.171759 0.984546 0.034165
0.980785 0.000000 0.195091
-0.145610 0.984546 -0.097294
-0.034165 0.984546 -0.171759
-0.097293 0.984546 -0.145610
-0.097294 0.984546 0.145610
0.034165 0.984546 0.171759
0.034165 0.984547 -0.171758
-0.034165 0.984546 0.171759
0.000000 -1.000000 0.000000
0.831470 0.000000 -0.555570
-0.831469 0.000000 -0.555571
-0.555570 0.000000 -0.831470
0.195090 0.000000 -0.980785
-0.195091 0.000000 0.980785
-0.195091 0.000000 -0.980785
0.555570 0.000000 -0.831470
0.555570 0.000000 0.831470
0.195090 0.000000 0.980785
0.831469 0.000000 0.555570
-0.980785 0.000000 -0.195091
-0.831470 0.000000 0.555570
-0.980785 0.000000 0.195090
0.980785 0.000000 -0.195090
-0.555570 0.000000 0.831469
0.151471 0.630223 -0.761496
0.165815 0.526974 -0.833549
0.192624 0.158516 -0.968385
-0.074789 0.923602 0.375987
0.085112 0.899817 -0.427885
0.242377 0.899817 -0.362743
0.431353 0.630223 -0.645565
0.472165 0.527053 -0.706594
0.548546 0.158516 -0.820957
-0.212980 0.923602 0.318747
0.706568 0.527165 -0.472079
0.820957 0.158516 -0.548546
-0.318747 0.923602 0.212980
0.362743 0.899817 -0.242377
0.645565 0.630223 -0.431353
0.761496 0.630223 -0.151471
0.833389 0.527244 -0.165760
0.968385 0.158516 -0.192624
-0.375988 0.923602 0.074789
0.427885 0.899817 -0.085112
-0.375988 0.923601 -0.074789
0.427885 0.899817 0.085112
0.761496 0.630223 0.151471
0.833389 0.527244 0.165760
0.968385 0.158516 0.192624
0.706568 0.527164 0.472079
0.820957 0.158516 0.548546
-0.318748 0.923601 -0.212980
0.362743 0.899817 0.242378
0.645565 0.630223 0.431353
0.242377 0.899817 0.362743
0.431352 0.630223 0.645565
0.472165 0.527053 0.706594
0.548546 0.158516 0.820957
-0.212980 0.923601 -0.318747
-0.074789 0.923602 -0.375988
0.085112 0.899817 0.427885
0.151471 0.630223 0.761496
0.165815 0.526973 0.833549
0.192623 0.158515 0.968385
-0.151471 0.630223 0.761496
-0.165816 0.526974 0.833549
-0.192624 0.158515 0.968385
0.074789 0.923602 -0.375988
-0.085112 0.899817 0.427885
-0.242377 0.899817 0.362743
-0.431353 0.630223 0.645565
-0.472166 0.527053 0.706594
-0.548546 0.158516 0.820957
0.212980 0.923602 -0.318747
-0.820957 0.158516 0.548545
0.318747 0.923601 -0.212980
-0.362743 0.899817 0.242377
-0.645565 0.630223 0.431352
-0.706568 0.527165 0.472079
-0.761496 0.630223 0.151470
-0.833389 0.527244 0.165759
-0.968385 0.158516 0.192623
0.375987 0.923602 -0.074789
-0.427885 0.899817 0.085111
-0.427885 0.899817 -0.085112
-0.761496 0.630223 -0.151471
-0.833389 0.527244 -0.165760
-0.968385 0.158516 -0.192624
0.375987 0.923602 0.074789
-0.820957 0.158515 -0.548546
0.318747 0.923602 0.212980
-0.362743 0.899817 -0.242378
-0.645565 0.630223 -0.431353
-0.706568 0.527165 -0.472080
-0.431352 0.630223 -0.645565
-0.472165 0.527053 -0.706595
-0.548545 0.158515 -0.820957
0.212980 0.923602 0.318747
-0.242377 0.899817 -0.362744
0.000000 1.000000 0.000000
-0.085112 0.899817 -0.427885
-0.151471 0.630223 -0.761496
-0.165815 0.526974 -0.833549
-0.192624 0.158516 -0.968385
0.074789 0.923602 0.375987
252
0 0 1 2 0 0 0 1
0 0 2 3 0 0 0 1
0 1 4 5 1 1 1 1
0 1 5 2 1 1 1 1
0 6 7 8 2 2 2 1
0 6 8 9 2 2 2 1
0 10 11 12 3 3 3 1
0 10 12 13 3 3 3 1
0 14 15 16 4 4 4 1
0 14 16 17 4 4 4 1
0 11 6 9 5 5 5 1
0 11 9 12 5 5 5 1
0 18 19 20 6 6 6 1
0 18 20 21 6 6 6 1
0 19 14 17 7 7 7 1
0 19 17 20 7 7 7 1
0 4 18 21 8 8 8 1
0 4 21 5 8 8 8 1
0 11 10 22 9 9 9 1
0 11 22 23 9 9 9 1
0 24 10 13 10 10 10 1
0 24 13 25 10 10 10 1
0 26 27 28 11 11 11 1
0 26 28 29 11 11 11 1
0 27 24 25 12 12 12 1
0 27 25 28 12 12 12 1
0 7 30 31 13 13 13 1
0 7 31 8 13 13 13 1
0 32 0 3 14 14 14 1
0 32 3 33 14 14 14 1
0 15 26 29 15 15 15 1
0 15 29 16 15 15 15 1
0 30 32 33 16 16 16 1
0 30 33 31 16 16 16 1
0 34 35 36 17 17 17 1
0 34 36 37 17 17 17 1
0 34 37 38 17 17 17 1
0 34 38 39 17 17 17 1
0 34 39 40 17 17 17 1
0 34 40 41 17 17 17 1
0 34 41 42 17 17 17 1
0 34 42 43 17 17 17 1
0 34 43 44 17 17 17 1
0 34 44 45 17 17 17 1
0 34 45 46 17 17 17 1
0 34 46 47 17 17 17 1
0 34 47 48 17 17 17 1
0 34 48 49 17 17 17 1
0 7 6 50 18 18 18 1
0 7 50 51 18 18 18 1
0 4 1 52 19 19 19 1
0 4 52 53 19 19 19 1
0 1 0 54 20 20 20 1
0 1 54 52 20 20 20 1
0 32 30 55 21 21 21 1
0 32 55 56 21 21 21 1
0 26 15 57 22 22 22 1
0 26 57 58 22 22 22 1
0 0 32 56 23 23 23 1
0 0 56 54 23 23 23 1
0 30 7 51 24 24 24 1
0 30 51 55 24 24 24 1
0 24 27 59 25 25 25 1
0 24 59 60 25 25 25 1
0 27 26 58 26 26 26 1
0 27 58 59 26 26 26 1
0 10 24 60 27 27 27 1
0 10 60 22 27 27 27 1
0 18 4 53 28 28 28 1
0 18 53 61 28 28 28 1
0 14 19 62 29 29 29 1
0 14 62 63 29 29 29 1
0 19 18 61 30 30 30 1
0 19 61 62 30 30 30 1
0 6 11 23 31 31 31 1
0 6 23 50 31 31 31 1
0 15 14 63 32 32 32 1
0 15 63 57 32 32 32 1
0 64 65 66 33 33 33 1
0 64 66 67 33 33 33 1
0 68 69 70 34 34 34 1
0 68 70 71 34 34 34 1
0 72 64 67 35 35 35 1
0 72 67 73 35 35 35 1
0 74 75 76 36 36 36 1
0 74 76 77 36 36 36 1
0 65 74 77 37 37 37 1
0 65 77 66 37 37 37 1
0 66 77 78 38 38 38 1
0 66 78 79 38 38 38 1
0 67 66 79 39 39 39 1
0 67 79 80 39 39 39 1
0 71 70 81 40 40 40 1
0 71 81 82 40 40 40 1
0 73 67 80 41 41 41 1
0 73 80 83 41 41 41 1
0 77 76 84 42 42 42 1
0 77 84 78 42 42 42 1
0 82 81 85 43 43 43 1
0 82 85 86 43 43 43 1
0 83 80 87 44 44 44 1
0 83 87 88 44 44 44 1
0 78 84 89 45 45 45 1
0 78 89 90 45 45 45 1
0 79 78 90 46 46 46 1
0 79 90 91 46 46 46 1
0 80 79 91 47 47 47 1
0 80 91 87 47 47 47 1
0 87 91 92 48 48 48 1
0 87 92 93 48 48 48 1
0 86 85 94 49 49 49 1
0 86 94 95 49 49 49 1
0 88 87 93 50 50 50 1
0 88 93 96 50 50 50 1
0 90 89 97 51 51 51 1
0 90 97 98 51 51 51 1
0 91 90 98 52 52 52 1
0 91 98 92 52 52 52 1
0 98 97 99 53 53 53 1
0 98 99 100 53 53 53 1
0 92 98 100 54 54 54 1
0 92 100 101 54 54 54 1
0 93 92 101 55 55 55 1
0 93 101 102 55 55 55 1
0 95 94 103 56 56 56 1
0 95 103 104 56 56 56 1
0 96 93 102 57 57 57 1
0 96 102 105 57 57 57 1
0 104 103 106 58 58 58 1
0 104 106 107 58 58 58 1
0 105 102 108 59 59 59 1
0 105 108 109 59 59 59 1
0 100 99 110 60 60 60 1
0 100 110 111 60 60 60 1
0 101 100 111 61 61 61 1
0 101 111 112 61 61 61 1
0 102 101 112 62 62 62 1
0 102 112 108 62 62 62 1
0 112 111 113 63 63 63 1
0 112 113 114 63 63 63 1
0 108 112 114 64 64 64 1
0 108 114 115 64 64 64 1
0 107 106 116 65 65 65 1
0 107 116 117 65 65 65 1
0 109 108 115 66 66 66 1
0 109 115 118 66 66 66 1
0 111 110 119 67 67 67 1
0 111 119 113 67 67 67 1
0 113 119 120 68 68 68 1
0 113 120 121 68 68 68 1
0 114 113 121 69 69 69 1
0 114 121 122 69 69 69 1
0 115 114 122 70 70 70 1
0 115 122 123 70 70 70 1
0 117 116 124 71 71 71 1
0 117 124 125 71 71 71 1
0 118 115 123 72 72 72 1
0 118 123 126 72 72 72 1
0 123 122 127 73 73 73 1
0 123 127 128 73 73 73 1
0 125 124 129 74 74 74 1
0 125 129 130 74 74 74 1
0 126 123 128 75 75 75 1
0 126 128 131 75 75 75 1
0 121 120 132 76 76 76 1
0 121 132 133 76 76 76 1
0 122 121 133 77 77 77 1
0 122 133 127 77 77 77 1
0 127 133 134 78 78 78 1
0 127 134 135 78 78 78 1
0 128 127 135 79 79 79 1
0 128 135 136 79 79 79 1
0 130 129 137 80 80 80 1
0 130 137 138 80 80 80 1
0 131 128 136 81 81 81 1
0 131 136 139 81 81 81 1
0 133 132 140 82 82 82 1
0 133 140 134 82 82 82 1
0 139 136 141 83 83 83 1
0 139 141 142 83 83 83 1
0 134 140 143 84 84 84 1
0 134 143 144 84 84 84 1
0 135 134 144 85 85 85 1
0 135 144 145 85 85 85 1
0 136 135 145 86 86 86 1
0 136 145 141 86 86 86 1
0 138 137 146 87 87 87 1
0 138 146 147 87 87 87 1
0 141 145 148 88 88 88 1
0 141 148 149 88 88 88 1
0 147 146 150 89 89 89 1
0 147 150 151 89 89 89 1
0 142 141 149 90 90 90 1
0 142 149 152 90 90 90 1
0 144 143 153 91 91 91 1
0 144 153 154 91 91 91 1
0 145 144 154 92 92 92 1
0 145 154 148 92 92 92 1
0 148 154 155 93 93 93 1
0 148 155 156 93 93 93 1
0 149 148 156 94 94 94 1
0 149 156 157 94 94 94 1
0 151 150 158 95 95 95 1
0 151 158 159 95 95 95 1
0 152 149 157 96 96 96 1
0 152 157 160 96 96 96 1
0 154 153 161 97 97 97 1
0 154 161 155 97 97 97 1
0 160 157 162 98 98 98 1
0 160 162 163 98 98 98 1
0 155 161 164 99 99 99 1
0 155 164 165 99 99 99 1
0 156 155 165 100 100 100 1
0 156 165 166 100 100 100 1
0 157 156 166 101 101 101 1
0 157 166 162 101 101 101 1
0 159 158 167 102 102 102 1
0 159 167 168 102 102 102 1
0 162 166 169 103 103 103 1
0 162 169 170 103 103 103 1
0 168 167 171 104 104 104 1
0 168 171 172 104 104 104 1
0 163 162 170 105 105 105 1
0 163 170 173 105 105 105 1
0 165 164 174 106 106 106 1
0 165 174 175 106 106 106 1
0 166 165 175 107 107 107 1
0 166 175 169 107 107 107 1
0 176 177 178 108 108 108 1
0 176 178 179 108 108 108 1
0 176 179 180 108 108 108 1
0 176 180 181 108 108 108 1
0 176 181 182 108 108 108 1
0 176 182 183 108 108 108 1
0 176 183 184 108 108 108 1
0 176 184 185 108 108 108 1
0 176 185 186 108 108 108 1
0 176 186 187 108 108 108 1
0 176 187 188 108 108 108 1
0 176 188 189 108 108 108 1
0 176 189 190 108 108 108 1
0 176 190 191 108 108 108 1
0 169 175 74 109 109 109 1
0 169 74 65 109 109 109 1
0 170 169 65 110 110 110 1
0 170 65 64 110 110 110 1
0 172 171 69 111 111 111 1
0 172 69 68 111 111 111 1
0 173 170 64 112 112 112 1
0 173 64 72 112 112 112 1
0 175 174 75 113 113 113 1
0 175 75 74 113 113 113 1

Bones: 0
GroupComments: 0
MaterialComments: 0
BoneComments: 0
ModelComment: 0
