// MilkShape 3D ASCII

Frames: 1
Frame: 18

Meshes: 1
"Sphere.013" 0 0
144
0 -137.947754 4.368523 -24.020866 0.891659 0.031346 -1
0 -146.382751 4.368523 -18.384785 0.925108 0.029722 -1
0 -145.863159 4.240332 -17.865194 0.923382 0.029508 -1
0 -137.666550 4.240332 -23.341991 0.890649 0.03106 -1
0 -152.018860 4.368523 -9.949786 0.949389 0.026478 -1
0 -151.339981 4.240332 -9.668586 0.947130 0.026361 -1
0 152.018860 4.368523 -9.949772 0.049157 0.026239 -1
0 146.382782 4.368523 -18.384775 0.073294 0.029619 -1
0 145.863190 4.240332 -17.865187 0.075083 0.029402 -1
0 151.339981 4.240332 -9.668572 0.051480 0.026123 -1
0 152.018860 4.368523 9.949758 0.050010 0.018187 -1
0 153.997986 4.368523 -0.000006 0.043214 0.022197 -1
0 153.263168 4.240332 -0.000006 0.045704 0.0222 -1
0 151.339981 4.240332 9.668557 0.052301 0.018309 -1
0 -146.382782 4.368523 18.384748 0.925772 0.015294 -1
0 -137.947769 4.368523 24.020840 0.893734 0.013739 -1
0 -137.666580 4.240332 23.341965 0.892721 0.014016 -1
0 -145.863190 4.240332 17.865160 0.924031 0.015506 -1
0 -153.997986 4.368523 -0.000023 0.955826 0.022536 -1
0 -152.018860 4.368523 9.949742 0.949705 0.018582 -1
0 -151.339981 4.240332 9.668543 0.947438 0.018698 -1
0 -153.263184 4.240332 -0.000023 0.953383 0.022536 -1
0 152.018860 -0.000064 9.949758 0.035407 0.017352 -1
0 153.997986 -0.000064 -0.000006 0.030735 0.021873 -1
0 146.382751 4.368523 18.384758 0.074739 0.014908 -1
0 145.863159 4.240332 17.865170 0.076471 0.015127 -1
0 127.998009 4.368523 -26.000000 0.140789 0.031984 -1
0 127.998009 4.240332 -25.265190 0.140848 0.031582 -1
0 137.666565 4.240332 -23.341991 0.108022 0.031064 -1
0 137.947754 4.368523 -24.020866 0.106982 0.031342 -1
0 137.947754 4.368523 24.020845 0.109618 0.01343 -1
0 137.666550 4.240332 23.341970 0.110623 0.013718 -1
0 -127.998009 4.368523 -26.000000 0.857924 0.031832 -1
0 -127.998009 4.240332 -25.265190 0.857898 0.031439 -1
0 -127.998009 4.368523 25.999973 0.862990 0.013343 -1
0 -127.998009 4.240332 25.265163 0.862960 0.013709 -1
0 135.530991 10.036113 18.186262 0.917149 0.057659 -1
0 133.532516 12.519441 13.361491 0.909006 0.055425 -1
0 127.997993 12.519441 14.462376 0.889520 0.056122 -1
0 127.997993 10.036113 19.684666 0.891292 0.058489 -1
0 152.018860 -0.000064 -9.949772 0.037509 0.026649 -1
0 146.382782 -0.000064 -18.384775 0.064626 0.030664 -1
0 -146.382751 -0.000064 -18.384785 0.932564 0.030825 -1
0 -152.018860 -0.000064 -9.949786 0.960275 0.027 -1
0 -137.947754 -0.000064 -24.020866 0.894436 0.032787 -1
0 -137.947769 -0.000064 24.020840 0.900532 0.01199 -1
0 -127.998009 -0.000064 25.999973 0.865758 0.011546 -1
0 -127.998009 -0.000064 -26.000000 0.857413 0.033246 -1
0 137.947754 -0.000064 -24.020866 0.103051 0.032901 -1
0 137.947754 -0.000064 24.020845 0.103903 0.011647 -1
0 146.382751 -0.000064 18.384758 0.063964 0.013461 -1
0 -153.997986 -0.000064 -0.000023 0.968000 0.022345 -1
0 -152.018860 -0.000064 9.949742 0.964492 0.017887 -1
0 -146.382782 -0.000064 18.384748 0.937308 0.013969 -1
0 135.531006 10.036113 -18.186283 0.916937 0.041935 -1
0 127.998009 10.036113 -19.684690 0.891226 0.041109 -1
0 127.998009 12.519441 -14.462400 0.889461 0.043471 -1
0 133.532516 12.519441 -13.361513 0.908935 0.044168 -1
0 127.998009 -0.000064 -26.000000 0.141258 0.033383 -1
0 127.998009 11.625777 -12.267138 0.889374 0.044708 -1
0 132.692429 11.625777 -11.333361 0.905625 0.045115 -1
0 138.224457 12.519441 -10.226460 0.924495 0.045541 -1
0 141.917175 10.036113 -13.919180 0.938393 0.043832 -1
0 136.672180 11.625777 -8.674181 0.918833 0.046233 -1
0 139.331360 11.625777 -4.694437 0.927533 0.04788 -1
0 141.359497 12.519441 -5.534524 0.934784 0.047504 -1
0 146.184265 10.036113 -7.533009 0.952573 0.046573 -1
0 140.265121 11.625777 -0.000009 0.930606 0.049803 -1
0 142.460388 12.519441 -0.000009 0.938456 0.049799 -1
0 147.682678 10.036113 -0.000008 0.958039 0.049779 -1
0 139.331360 11.625777 4.694419 0.927593 0.051724 -1
0 141.359497 12.519441 5.534506 0.934832 0.052091 -1
0 146.184265 10.036113 7.532993 0.952824 0.053008 -1
0 136.672180 11.625777 8.674162 0.918926 0.05336 -1
0 138.224457 12.519441 10.226440 0.924590 0.05405 -1
0 141.917160 10.036113 13.919161 0.938382 0.055738 -1
0 132.692429 11.625777 11.333342 0.905692 0.054472 -1
0 127.997993 11.625777 12.267120 0.889394 0.054887 -1
0 127.997993 -0.000064 25.999973 0.143071 0.011349 -1
0 127.997993 4.368523 25.999973 0.145191 0.013066 -1
0 127.997993 4.240332 25.265163 0.145213 0.013459 -1
0 -127.998009 12.519441 14.462376 0.109741 0.056258 -1
0 -127.998009 11.625777 12.267120 0.110020 0.055045 -1
0 -132.692429 11.625777 11.333339 0.093640 0.05466 -1
0 -133.532516 12.519441 13.361489 0.090426 0.055607 -1
0 -127.998009 10.036113 19.684666 0.108209 0.058625 -1
0 -135.531021 10.036113 18.186256 0.082590 0.057822 -1
0 -138.224457 12.519441 10.226436 0.074788 0.054256 -1
0 -141.917175 10.036113 13.919155 0.060974 0.055978 -1
0 -136.672180 11.625777 8.674157 0.080385 0.053555 -1
0 -139.331360 11.625777 4.694413 0.071606 0.051924 -1
0 -141.359497 12.519441 5.534499 0.064402 0.052304 -1
0 -146.184280 10.036113 7.532982 0.046738 0.053247 -1
0 -140.265121 11.625777 -0.000015 0.068462 0.050009 -1
0 -142.460388 12.519441 -0.000017 0.060636 0.050018 -1
0 -147.682678 10.036113 -0.000020 0.041124 0.050054 -1
0 -141.359497 12.519441 -5.534532 0.064175 0.047727 -1
0 -146.184265 10.036113 -7.533020 0.046149 0.046824 -1
0 -139.331360 11.625777 -4.694443 0.071424 0.04809 -1
0 -136.672165 11.625777 -8.674184 0.080104 0.046449 -1
0 -138.224457 12.519441 -10.226465 0.074389 0.045758 -1
0 -141.917160 10.036113 -13.919186 0.060409 0.044084 -1
0 -132.692429 11.625777 -11.333361 0.093277 0.045317 -1
0 -133.532501 12.519441 -13.361513 0.089916 0.044371 -1
0 -135.530991 10.036113 -18.186283 0.081617 0.042149 -1
0 -127.998009 12.519441 -14.462400 0.109286 0.043664 -1
0 -127.998009 10.036113 -19.684690 0.107464 0.041297 -1
0 -127.997993 11.625777 -12.267138 0.109474 0.044894 -1
0 -137.666580 4.240332 23.341965 0.071000 0.061007 -1
0 -127.998009 4.240332 25.265163 0.105783 0.061971 -1
0 -145.863190 4.240332 17.865160 0.040930 0.058463 -1
0 -151.339981 4.240332 9.668543 0.020051 0.054649 -1
0 -153.263184 4.240332 -0.000023 0.012579 0.050099 -1
0 -151.339981 4.240332 -9.668586 0.019148 0.045532 -1
0 -145.863159 4.240332 -17.865194 0.039342 0.041573 -1
0 -137.666550 4.240332 -23.341991 0.070024 0.038955 -1
0 -127.998009 4.240332 -25.265190 0.104872 0.037964 -1
0 127.998009 4.240332 -25.265190 0.893276 0.037796 -1
0 137.666565 4.240332 -23.341991 0.928098 0.038724 -1
0 145.863190 4.240332 -17.865187 0.958676 0.041283 -1
0 151.339981 4.240332 -9.668572 0.979602 0.045174 -1
0 153.263168 4.240332 -0.000006 0.986717 0.049764 -1
0 151.339981 4.240332 9.668557 0.979772 0.054329 -1
0 145.863159 4.240332 17.865170 0.959322 0.058264 -1
0 137.666550 4.240332 23.341970 0.928578 0.060855 -1
0 127.997993 4.240332 25.265163 0.893764 0.06182 -1
0 146.382782 -0.000064 -18.384775 0.856728 0.02693 -1
0 152.018860 -0.000064 -9.949772 0.870608 0.024835 -1
0 153.997986 -0.000064 -0.000006 0.875470 0.022369 -1
0 152.018860 -0.000064 9.949758 0.870574 0.019905 -1
0 146.382751 -0.000064 18.384758 0.856664 0.01782 -1
0 137.947754 -0.000064 24.020845 0.835860 0.016431 -1
0 127.997993 -0.000064 25.999973 0.811327 0.015949 -1
0 -127.998009 -0.000064 25.999973 0.180217 0.01616 -1
0 -137.947769 -0.000064 24.020840 0.155691 0.016659 -1
0 -146.382782 -0.000064 18.384748 0.134906 0.018062 -1
0 -152.018860 -0.000064 9.949742 0.121025 0.020156 -1
0 -153.997986 -0.000064 -0.000023 0.116164 0.022623 -1
0 -152.018860 -0.000064 -9.949786 0.121060 0.025086 -1
0 -146.382751 -0.000064 -18.384785 0.134969 0.027171 -1
0 -137.947754 -0.000064 -24.020866 0.155774 0.028561 -1
0 -127.998009 -0.000064 -26.000000 0.180307 0.029043 -1
0 127.998009 -0.000064 -26.000000 0.811417 0.028831 -1
0 137.947754 -0.000064 -24.020866 0.835943 0.028333 -1
92
0.097293 0.984546 0.145610
0.145610 0.984546 0.097294
-0.145610 0.984547 0.097293
-0.171758 0.984547 -0.034165
0.097294 0.984546 -0.145611
-0.171758 0.984547 0.034165
0.171760 0.984546 -0.034165
0.145610 0.984546 -0.097293
0.171759 0.984546 0.034165
0.980785 0.000000 0.195091
-0.145610 0.984547 -0.097294
-0.034165 0.984546 0.171759
-0.097293 0.984547 -0.145609
-0.097294 0.984546 0.145610
0.034165 0.984546 0.171759
0.034165 0.984546 -0.171759
0.085112 0.899817 0.427885
0.831471 0.000000 -0.555569
-0.831469 0.000000 -0.555571
-0.555569 0.000000 -0.831470
-0.195091 0.000000 0.980785
-0.195091 0.000000 -0.980785
0.555570 0.000000 -0.831470
0.555571 0.000000 0.831469
0.831469 0.000000 0.555571
-0.980785 0.000000 -0.195091
-0.831471 0.000000 0.555569
-0.980785 0.000000 0.195091
0.980785 0.000000 -0.195091
-0.555570 0.000000 0.831470
0.085112 0.899817 -0.427885
0.195091 0.000000 -0.980785
-0.074789 0.923602 0.375987
0.242377 0.899817 -0.362743
-0.212980 0.923602 0.318747
-0.318748 0.923601 0.212980
0.362744 0.899817 -0.242377
-0.375988 0.923602 0.074788
0.427885 0.899817 -0.085113
-0.375987 0.923602 -0.074788
0.427885 0.899817 0.085113
-0.318748 0.923601 -0.212980
0.362744 0.899817 0.242378
0.242378 0.899817 0.362743
-0.212980 0.923601 -0.318748
-0.074788 0.923602 -0.375988
0.195090 0.000000 0.980785
-0.034165 0.984547 -0.171758
0.000000 0.000000 1.000000
0.074789 0.923602 -0.375988
-0.085112 0.899817 0.427885
-0.242377 0.899817 0.362743
0.212980 0.923601 -0.318747
0.318748 0.923601 -0.212980
-0.362743 0.899817 0.242377
0.375987 0.923602 -0.074788
-0.427885 0.899817 0.085113
-0.427885 0.899817 -0.085113
0.375988 0.923602 0.074788
0.318746 0.923602 0.212980
-0.362744 0.899817 -0.242378
0.212979 0.923602 0.318747
-0.242377 0.899817 -0.362743
0.000000 0.985122 -0.171859
-0.085112 0.899817 -0.427885
0.074789 0.923602 0.375986
0.000000 0.000000 -1.000000
0.000000 0.985122 0.171859
-0.141840 0.686589 0.713076
-0.403925 0.686589 0.604516
-0.604517 0.686588 0.403925
-0.713076 0.686589 0.141839
-0.713076 0.686589 -0.141840
-0.604516 0.686589 -0.403926
-0.403925 0.686589 -0.604516
-0.141840 0.686589 -0.713076
0.000000 0.693601 -0.720359
0.141840 0.686589 -0.713076
0.403925 0.686589 -0.604517
0.604517 0.686589 -0.403924
0.713076 0.686588 -0.141840
0.713076 0.686588 0.141840
0.604516 0.686589 0.403926
0.403925 0.686589 0.604516
0.141839 0.686589 0.713076
0.000000 0.693602 0.720359
0.000000 0.903094 0.429443
0.000000 0.926196 -0.377044
0.000000 0.926196 0.377043
0.000000 0.903094 -0.429443
0.000000 1.000000 0.000000
-0.000000 -1.000000 0.000000
212
0 0 1 2 0 0 0 1
0 0 2 3 0 0 0 1
0 1 4 5 1 1 1 1
0 1 5 2 1 1 1 1
0 6 7 8 2 2 2 1
0 6 8 9 2 2 2 1
0 10 11 12 3 3 3 1
0 10 12 13 3 3 3 1
0 14 15 16 4 4 4 1
0 14 16 17 4 4 4 1
0 11 6 9 5 5 5 1
0 11 9 12 5 5 5 1
0 18 19 20 6 6 6 1
0 18 20 21 6 6 6 1
0 19 14 17 7 7 7 1
0 19 17 20 7 7 7 1
0 4 18 21 8 8 8 1
0 4 21 5 8 8 8 1
0 11 10 22 9 9 9 1
0 11 22 23 9 9 9 1
0 24 10 13 10 10 10 1
0 24 13 25 10 10 10 1
0 26 27 28 11 11 11 1
0 26 28 29 11 11 11 1
0 30 24 25 12 12 12 1
0 30 25 31 12 12 12 1
0 7 29 28 13 13 13 1
0 7 28 8 13 13 13 1
0 32 0 3 14 14 14 1
0 32 3 33 14 14 14 1
0 15 34 35 15 15 15 1
0 15 35 16 15 15 15 1
0 36 37 38 16 16 16 1
0 36 38 39 16 16 16 1
0 7 6 40 17 17 17 1
0 7 40 41 17 17 17 1
0 4 1 42 18 18 18 1
0 4 42 43 18 18 18 1
0 1 0 44 19 19 19 1
0 1 44 42 19 19 19 1
0 34 15 45 20 20 20 1
0 34 45 46 20 20 20 1
0 0 32 47 21 21 21 1
0 0 47 44 21 21 21 1
0 29 7 41 22 22 22 1
0 29 41 48 22 22 22 1
0 24 30 49 23 23 23 1
0 24 49 50 23 23 23 1
0 10 24 50 24 24 24 1
0 10 50 22 24 24 24 1
0 18 4 43 25 25 25 1
0 18 43 51 25 25 25 1
0 14 19 52 26 26 26 1
0 14 52 53 26 26 26 1
0 19 18 51 27 27 27 1
0 19 51 52 27 27 27 1
0 6 11 23 28 28 28 1
0 6 23 40 28 28 28 1
0 15 14 53 29 29 29 1
0 15 53 45 29 29 29 1
0 54 55 56 30 30 30 1
0 54 56 57 30 30 30 1
0 58 26 29 31 31 31 1
0 58 29 48 31 31 31 1
0 57 56 59 32 32 32 1
0 57 59 60 32 32 32 1
0 54 57 61 33 33 33 1
0 54 61 62 33 33 33 1
0 57 60 63 34 34 34 1
0 57 63 61 34 34 34 1
0 61 63 64 35 35 35 1
0 61 64 65 35 35 35 1
0 62 61 65 36 36 36 1
0 62 65 66 36 36 36 1
0 65 64 67 37 37 37 1
0 65 67 68 37 37 37 1
0 66 65 68 38 38 38 1
0 66 68 69 38 38 38 1
0 68 67 70 39 39 39 1
0 68 70 71 39 39 39 1
0 69 68 71 40 40 40 1
0 69 71 72 40 40 40 1
0 71 70 73 41 41 41 1
0 71 73 74 41 41 41 1
0 72 71 74 42 42 42 1
0 72 74 75 42 42 42 1
0 75 74 37 43 43 43 1
0 75 37 36 43 43 43 1
0 74 73 76 44 44 44 1
0 74 76 37 44 44 44 1
0 37 76 77 45 45 45 1
0 37 77 38 45 45 45 1
0 78 49 30 46 46 46 1
0 78 30 79 46 46 46 1
0 31 80 79 47 47 47 1
0 31 79 30 47 47 47 1
0 34 46 78 48 48 48 1
0 34 78 79 48 48 48 1
0 81 82 83 49 49 49 1
0 81 83 84 49 49 49 1
0 85 81 84 50 50 50 1
0 85 84 86 50 50 50 1
0 86 84 87 51 51 51 1
0 86 87 88 51 51 51 1
0 84 83 89 52 52 52 1
0 84 89 87 52 52 52 1
0 87 89 90 53 53 53 1
0 87 90 91 53 53 53 1
0 88 87 91 54 54 54 1
0 88 91 92 54 54 54 1
0 91 90 93 55 55 55 1
0 91 93 94 55 55 55 1
0 92 91 94 56 56 56 1
0 92 94 95 56 56 56 1
0 95 94 96 57 57 57 1
0 95 96 97 57 57 57 1
0 94 93 98 58 58 58 1
0 94 98 96 58 58 58 1
0 96 98 99 59 59 59 1
0 96 99 100 59 59 59 1
0 97 96 100 60 60 60 1
0 97 100 101 60 60 60 1
0 100 99 102 61 61 61 1
0 100 102 103 61 61 61 1
0 101 100 103 62 62 62 1
0 101 103 104 62 62 62 1
0 35 34 79 63 63 63 1
0 35 79 80 63 63 63 1
0 104 103 105 64 64 64 1
0 104 105 106 64 64 64 1
0 103 102 107 65 65 65 1
0 103 107 105 65 65 65 1
0 32 26 58 66 66 66 1
0 32 58 47 66 66 66 1
0 33 27 26 67 67 67 1
0 33 26 32 67 67 67 1
0 85 86 108 68 68 68 1
0 85 108 109 68 68 68 1
0 86 88 110 69 69 69 1
0 86 110 108 69 69 69 1
0 110 88 92 70 70 70 1
0 110 92 111 70 70 70 1
0 92 95 112 71 71 71 1
0 92 112 111 71 71 71 1
0 112 95 97 72 72 72 1
0 112 97 113 72 72 72 1
0 113 97 101 73 73 73 1
0 113 101 114 73 73 73 1
0 101 104 115 74 74 74 1
0 101 115 114 74 74 74 1
0 115 104 106 75 75 75 1
0 115 106 116 75 75 75 1
0 116 106 55 76 76 76 1
0 116 55 117 76 76 76 1
0 117 55 54 77 77 77 1
0 117 54 118 77 77 77 1
0 118 54 62 78 78 78 1
0 118 62 119 78 78 78 1
0 119 62 66 79 79 79 1
0 119 66 120 79 79 79 1
0 66 69 121 80 80 80 1
0 66 121 120 80 80 80 1
0 121 69 72 81 81 81 1
0 121 72 122 81 81 81 1
0 122 72 75 82 82 82 1
0 122 75 123 82 82 82 1
0 75 36 124 83 83 83 1
0 75 124 123 83 83 83 1
0 39 125 124 84 84 84 1
0 39 124 36 84 84 84 1
0 125 39 85 85 85 85 1
0 125 85 109 85 85 85 1
0 85 39 38 86 86 86 1
0 85 38 81 86 86 86 1
0 81 38 77 87 87 87 1
0 81 77 82 87 87 87 1
0 105 107 59 88 88 88 1
0 105 59 56 88 88 88 1
0 106 105 56 89 89 89 1
0 106 56 55 89 89 89 1
0 60 59 107 90 90 90 1
0 60 107 102 90 90 90 1
0 60 102 99 90 90 90 1
0 60 99 98 90 90 90 1
0 60 98 93 90 90 90 1
0 60 93 90 90 90 90 1
0 60 90 89 90 90 90 1
0 60 89 83 90 90 90 1
0 60 83 82 90 90 90 1
0 60 82 77 90 90 90 1
0 60 77 76 90 90 90 1
0 60 76 73 90 90 90 1
0 60 73 70 90 90 90 1
0 60 70 67 90 90 90 1
0 60 67 64 90 90 90 1
0 60 64 63 90 90 90 1
0 126 127 128 91 91 91 1
0 126 128 129 91 91 91 1
0 126 129 130 91 91 91 1
0 126 130 131 91 91 91 1
0 126 131 132 91 91 91 1
0 126 132 133 91 91 91 1
0 126 133 134 91 91 91 1
0 126 134 135 91 91 91 1
0 126 135 136 91 91 91 1
0 126 136 137 91 91 91 1
0 126 137 138 91 91 91 1
0 126 138 139 91 91 91 1
0 126 139 140 91 91 91 1
0 126 140 141 91 91 91 1
0 126 141 142 91 91 91 1
0 126 142 143 91 91 91 1

Bones: 0
GroupComments: 0
MaterialComments: 0
BoneComments: 0
ModelComment: 0
