// MilkShape 3D ASCII

Frames: 1
Frame: 18

Meshes: 1
"Sphere.015" 0 1
220
0 -137.947754 4.368523 -24.020866 0.902892 0.032104 -1
0 -146.382751 4.368523 -18.384785 0.930062 0.029808 -1
0 -145.863159 4.240332 -17.865194 0.928316 0.029590 -1
0 -137.666550 4.240332 -23.341991 0.901853 0.031810 -1
0 -152.018860 4.368523 -9.949786 0.954742 0.026527 -1
0 -151.339981 4.240332 -9.668586 0.952456 0.026408 -1
0 152.018860 4.368523 -9.949772 0.043801 0.026285 -1
0 146.382782 4.368523 -18.384775 0.068337 0.029703 -1
0 145.863190 4.240332 -17.865187 0.070146 0.029483 -1
0 151.339981 4.240332 -9.668572 0.046152 0.026167 -1
0 152.018860 4.368523 9.949758 0.044665 0.018137 -1
0 153.997986 4.368523 -0.000006 0.037788 0.022195 -1
0 153.263168 4.240332 -0.000006 0.040308 0.022198 -1
0 151.339981 4.240332 9.668557 0.046984 0.018260 -1
0 -146.382782 4.368523 18.384748 0.930733 0.015211 -1
0 -137.947769 4.368523 24.020840 0.904022 0.012863 -1
0 -137.666580 4.240332 23.341965 0.902979 0.013147 -1
0 -145.863190 4.240332 17.865160 0.928972 0.015426 -1
0 -153.997986 4.368523 -0.000023 0.961255 0.022538 -1
0 -152.018860 4.368523 9.949742 0.955061 0.018537 -1
0 -151.339981 4.240332 9.668543 0.952768 0.018654 -1
0 -153.263184 4.240332 -0.000023 0.958784 0.022537 -1
0 152.018860 -0.000064 9.949758 0.029888 0.017291 -1
0 153.997986 -0.000064 -0.000006 0.028878 0.021435 -1
0 146.382751 4.368523 18.384758 0.069799 0.014821 -1
0 145.863159 4.240332 17.865170 0.071551 0.015043 -1
0 127.998009 4.368523 -26.000000 0.129733 0.032516 -1
0 127.998009 4.240332 -25.265190 0.129793 0.032103 -1
0 137.666565 4.240332 -23.341991 0.096802 0.031814 -1
0 137.947754 4.368523 -24.020866 0.095732 0.032100 -1
0 137.947754 4.368523 24.020845 0.097439 0.012545 -1
0 137.666550 4.240332 23.341970 0.098473 0.012841 -1
0 -127.998009 4.368523 -26.000000 0.867416 0.032361 -1
0 -127.998009 4.240332 -25.265190 0.867389 0.031956 -1
0 -127.998009 4.368523 25.999973 0.869613 0.012865 -1
0 -127.998009 4.240332 25.265163 0.869582 0.013241 -1
0 135.530991 10.036113 18.186262 0.917149 0.057659 -1
0 133.532516 12.519441 13.361491 0.909006 0.055425 -1
0 127.997993 12.519441 14.462376 0.889520 0.056122 -1
0 127.997993 10.036113 19.684666 0.891292 0.058489 -1
0 152.018860 -0.000064 -9.949772 0.035679 0.026229 -1
0 146.382782 -0.000064 -18.384775 0.063015 0.030258 -1
0 -146.382751 -0.000064 -18.384785 0.934169 0.030420 -1
0 -152.018860 -0.000064 -9.949786 0.962101 0.026582 -1
0 -137.947754 -0.000064 -24.020866 0.902563 0.033064 -1
0 -137.947769 -0.000064 24.020840 0.911015 0.011064 -1
0 -127.998009 -0.000064 25.999973 0.872460 0.011016 -1
0 -127.998009 -0.000064 -26.000000 0.864015 0.033291 -1
0 137.947754 -0.000064 -24.020866 0.094884 0.033180 -1
0 137.947754 -0.000064 24.020845 0.091560 0.010711 -1
0 146.382751 -0.000064 18.384758 0.058898 0.013357 -1
0 -153.997986 -0.000064 -0.000023 0.969857 0.021908 -1
0 -152.018860 -0.000064 9.949742 0.970025 0.017833 -1
0 -146.382782 -0.000064 18.384748 0.942404 0.013871 -1
0 135.531006 10.036113 -18.186283 0.916937 0.041935 -1
0 127.998009 10.036113 -19.684690 0.891226 0.041109 -1
0 127.998009 12.519441 -14.462400 0.889461 0.043471 -1
0 133.532516 12.519441 -13.361513 0.908935 0.044168 -1
0 127.998009 -0.000064 -26.000000 0.133114 0.033431 -1
0 127.998009 11.625777 -12.267138 0.889374 0.044708 -1
0 132.692429 11.625777 -11.333361 0.905625 0.045115 -1
0 127.998009 11.625777 -12.267138 0.090063 0.028236 -1
0 127.998009 14.974119 -10.150368 0.091498 0.026430 -1
0 131.881760 14.974119 -9.377721 0.078699 0.026086 -1
0 132.692429 11.625777 -11.333361 0.072579 0.027643 -1
0 127.997993 11.625777 12.267120 0.090022 0.016501 -1
0 132.692429 11.625777 11.333342 0.072544 0.017095 -1
0 131.881760 14.974119 9.377701 0.078676 0.018652 -1
0 127.997993 14.974119 10.150351 0.091477 0.018307 -1
0 138.224457 12.519441 -10.226460 0.924495 0.045541 -1
0 141.917175 10.036113 -13.919180 0.938393 0.043832 -1
0 135.174225 14.974119 -7.177399 0.068393 0.025200 -1
0 136.672180 11.625777 -8.674181 0.058320 0.026322 -1
0 136.672180 11.625777 -8.674181 0.918833 0.046233 -1
0 137.374222 14.974119 -3.884384 0.061763 0.023896 -1
0 139.331360 11.625777 -4.694437 0.049312 0.024460 -1
0 139.331360 11.625777 -4.694437 0.927533 0.047880 -1
0 141.359497 12.519441 -5.534524 0.934784 0.047504 -1
0 146.184265 10.036113 -7.533009 0.952573 0.046573 -1
0 138.146744 14.974119 -0.000009 0.059506 0.022370 -1
0 140.265121 11.625777 -0.000009 0.046448 0.022371 -1
0 140.265121 11.625777 -0.000009 0.930606 0.049803 -1
0 142.460388 12.519441 -0.000009 0.938456 0.049799 -1
0 147.682678 10.036113 -0.000008 0.958039 0.049779 -1
0 139.331360 11.625777 4.694419 0.927593 0.051724 -1
0 141.359497 12.519441 5.534506 0.934832 0.052091 -1
0 146.184265 10.036113 7.532993 0.952824 0.053008 -1
0 137.374222 14.974119 3.884367 0.061753 0.020845 -1
0 139.331360 11.625777 4.694419 0.049297 0.020281 -1
0 135.174225 14.974119 7.177381 0.068375 0.019540 -1
0 136.672180 11.625777 8.674162 0.058292 0.018418 -1
0 136.672180 11.625777 8.674162 0.918926 0.053360 -1
0 138.224457 12.519441 10.226440 0.924590 0.054050 -1
0 141.917160 10.036113 13.919161 0.938382 0.055738 -1
0 132.692429 11.625777 11.333342 0.905692 0.054472 -1
0 127.997993 11.625777 12.267120 0.889394 0.054887 -1
0 127.997993 -0.000064 25.999973 0.129066 0.010814 -1
0 127.997993 4.368523 25.999973 0.131247 0.012579 -1
0 127.997993 4.240332 25.265163 0.131269 0.012984 -1
0 -127.998009 11.625777 12.267120 0.905124 0.016440 -1
0 -127.998009 14.974119 10.150351 0.903693 0.018225 -1
0 -131.881760 14.974119 9.377698 0.916347 0.018562 -1
0 -132.692429 11.625777 11.333339 0.922436 0.017024 -1
0 -127.998009 12.519441 14.462376 0.109741 0.056258 -1
0 -127.998009 11.625777 12.267120 0.110020 0.055045 -1
0 -132.692429 11.625777 11.333339 0.093640 0.054660 -1
0 -133.532516 12.519441 13.361489 0.090426 0.055607 -1
0 -127.998009 10.036113 19.684666 0.108209 0.058625 -1
0 -135.531021 10.036113 18.186256 0.082590 0.057822 -1
0 -138.224457 12.519441 10.226436 0.074788 0.054256 -1
0 -141.917175 10.036113 13.919155 0.060974 0.055978 -1
0 -135.174240 14.974119 7.177376 0.926558 0.019452 -1
0 -136.672180 11.625777 8.674157 0.936565 0.018339 -1
0 -136.672180 11.625777 8.674157 0.080385 0.053555 -1
0 -139.331360 11.625777 4.694413 0.071606 0.051924 -1
0 -141.359497 12.519441 5.534499 0.064402 0.052304 -1
0 -146.184280 10.036113 7.532982 0.046738 0.053247 -1
0 -137.374222 14.974119 3.884361 0.933131 0.020745 -1
0 -139.331360 11.625777 4.694413 0.945480 0.020186 -1
0 -138.146729 14.974119 -0.000014 0.935355 0.022258 -1
0 -140.265121 11.625777 -0.000015 0.948310 0.022258 -1
0 -140.265121 11.625777 -0.000015 0.068462 0.050009 -1
0 -142.460388 12.519441 -0.000017 0.060636 0.050018 -1
0 -147.682678 10.036113 -0.000020 0.041124 0.050054 -1
0 -141.359497 12.519441 -5.534532 0.064175 0.047727 -1
0 -146.184265 10.036113 -7.533020 0.046149 0.046824 -1
0 -137.374222 14.974119 -3.884388 0.933138 0.023772 -1
0 -139.331360 11.625777 -4.694443 0.945492 0.024330 -1
0 -139.331360 11.625777 -4.694443 0.071424 0.048090 -1
0 -136.672165 11.625777 -8.674184 0.080104 0.046449 -1
0 -138.224457 12.519441 -10.226465 0.074389 0.045758 -1
0 -141.917160 10.036113 -13.919186 0.060409 0.044084 -1
0 -135.174225 14.974119 -7.177400 0.926572 0.025066 -1
0 -136.672165 11.625777 -8.674184 0.936587 0.026178 -1
0 -131.881760 14.974119 -9.377721 0.916364 0.025957 -1
0 -132.692429 11.625777 -11.333361 0.922464 0.027495 -1
0 -132.692429 11.625777 -11.333361 0.093277 0.045317 -1
0 -133.532501 12.519441 -13.361513 0.089916 0.044371 -1
0 -135.530991 10.036113 -18.186283 0.081617 0.042149 -1
0 -127.998009 12.519441 -14.462400 0.109286 0.043664 -1
0 -127.998009 10.036113 -19.684690 0.107464 0.041297 -1
0 -127.997993 14.974119 -10.150368 0.903707 0.026295 -1
0 -127.997993 11.625777 -12.267138 0.905155 0.028080 -1
0 -127.997993 11.625777 -12.267138 0.109474 0.044894 -1
0 -137.666580 4.240332 23.341965 0.071000 0.061007 -1
0 -127.998009 4.240332 25.265163 0.105783 0.061971 -1
0 -145.863190 4.240332 17.865160 0.040930 0.058463 -1
0 -151.339981 4.240332 9.668543 0.020051 0.054649 -1
0 -153.263184 4.240332 -0.000023 0.012579 0.050099 -1
0 -151.339981 4.240332 -9.668586 0.019148 0.045532 -1
0 -145.863159 4.240332 -17.865194 0.039342 0.041573 -1
0 -137.666550 4.240332 -23.341991 0.070024 0.038955 -1
0 -127.998009 4.240332 -25.265190 0.104872 0.037964 -1
0 127.998009 4.240332 -25.265190 0.893276 0.037796 -1
0 137.666565 4.240332 -23.341991 0.928098 0.038724 -1
0 145.863190 4.240332 -17.865187 0.958676 0.041283 -1
0 151.339981 4.240332 -9.668572 0.979602 0.045174 -1
0 153.263168 4.240332 -0.000006 0.986717 0.049764 -1
0 151.339981 4.240332 9.668557 0.979772 0.054329 -1
0 145.863159 4.240332 17.865170 0.959322 0.058264 -1
0 137.666550 4.240332 23.341970 0.928578 0.060855 -1
0 127.997993 4.240332 25.265163 0.893764 0.061820 -1
0 146.382782 -0.000064 -18.384775 0.858681 0.052402 -1
0 152.018860 -0.000064 -9.949772 0.872561 0.051205 -1
0 153.997986 -0.000064 -0.000006 0.877423 0.049794 -1
0 152.018860 -0.000064 9.949758 0.872527 0.048386 -1
0 146.382751 -0.000064 18.384758 0.858618 0.047195 -1
0 137.947754 -0.000064 24.020845 0.837813 0.046401 -1
0 127.997993 -0.000064 25.999973 0.813280 0.046125 -1
0 -127.998009 -0.000064 25.999973 0.182170 0.046246 -1
0 -137.947769 -0.000064 24.020840 0.157644 0.046531 -1
0 -146.382782 -0.000064 18.384748 0.136859 0.047333 -1
0 -152.018860 -0.000064 9.949742 0.122979 0.048530 -1
0 -153.997986 -0.000064 -0.000023 0.118117 0.049940 -1
0 -152.018860 -0.000064 -9.949786 0.123013 0.051348 -1
0 -146.382751 -0.000064 -18.384785 0.136922 0.052540 -1
0 -137.947754 -0.000064 -24.020866 0.157727 0.053334 -1
0 -127.998009 -0.000064 -26.000000 0.182260 0.053609 -1
0 127.998009 -0.000064 -26.000000 0.813370 0.053489 -1
0 137.947754 -0.000064 -24.020866 0.837896 0.053204 -1
0 127.997993 11.625777 12.267120 0.158644 0.015227 -1
0 -127.998009 11.625777 12.267120 0.847696 0.015207 -1
0 -125.942307 15.525778 13.493834 0.842179 0.013717 -1
0 125.942299 15.525778 13.493834 0.164640 0.013736 -1
0 137.218735 15.525778 -9.541599 0.121859 0.029603 -1
0 136.672180 11.625777 -8.674181 0.123336 0.031062 -1
0 139.331360 11.625777 -4.694437 0.109989 0.031056 -1
0 140.675659 15.525778 -5.163880 0.106184 0.029618 -1
0 -140.675659 15.525778 5.163855 0.892580 0.013776 -1
0 -139.331360 11.625777 4.694413 0.888474 0.015175 -1
0 -140.265121 11.625777 -0.000015 0.896770 0.015128 -1
0 -141.889557 15.525778 -0.000017 0.902318 0.013780 -1
0 -132.045044 15.525778 -12.466697 0.852625 0.029618 -1
0 -132.692429 11.625777 -11.333361 0.854120 0.031082 -1
1 -127.997993 11.625777 -12.267138 0.839929 0.031064 -1
1 -125.942299 15.525778 -13.493851 0.834412 0.029574 -1
0 -136.672180 11.625777 8.674157 0.874948 0.015196 -1
0 -137.218735 15.525778 9.541574 0.876770 0.013767 -1
0 -132.045059 15.525778 12.466674 0.860391 0.013761 -1
0 -132.692429 11.625777 11.333339 0.861887 0.015225 -1
0 -137.218704 15.525778 -9.541602 0.869003 0.029624 -1
0 -136.672165 11.625777 -8.674184 0.867181 0.031053 -1
1 127.998009 11.625777 -12.267138 0.150878 0.031085 -1
0 132.692429 11.625777 -11.333361 0.136929 0.031079 -1
0 132.045044 15.525778 -12.466697 0.138833 0.029598 -1
0 125.942307 15.525778 -13.493851 0.156874 0.029593 -1
0 140.675659 15.525778 5.163861 0.113951 0.013761 -1
0 139.331360 11.625777 4.694419 0.117756 0.015198 -1
0 136.672180 11.625777 8.674162 0.131103 0.015205 -1
0 137.218735 15.525778 9.541579 0.129626 0.013745 -1
0 -139.331360 11.625777 -4.694443 0.880707 0.031032 -1
0 -140.675659 15.525778 -5.163887 0.884813 0.029634 -1
0 140.265121 11.625777 -0.000009 0.109906 0.015142 -1
0 141.889557 15.525778 -0.000010 0.104622 0.013750 -1
0 140.265121 11.625777 -0.000009 0.102140 0.030999 -1
0 141.889557 15.525778 -0.000010 0.096855 0.029607 -1
0 -141.889557 15.525778 -0.000017 0.894552 0.029638 -1
0 -140.265121 11.625777 -0.000015 0.889003 0.030986 -1
0 132.045044 15.525778 12.466677 0.146599 0.013741 -1
0 132.692429 11.625777 11.333342 0.144696 0.015222 -1
203
-0.187217 0.771228 -0.608405
-0.405792 0.771228 -0.490449
0.113457 0.985058 0.129571
0.055236 0.985058 0.163127
-0.562589 0.771228 -0.297826
0.154406 0.985058 0.076290
0.608406 0.771228 -0.187216
0.490449 0.771228 -0.405792
-0.129571 0.985058 0.113458
-0.163126 0.985058 0.055236
0.562589 0.771228 0.297826
0.633738 0.771228 0.059861
-0.171846 0.985058 -0.011394
-0.154406 0.985058 -0.076290
-0.490449 0.771228 0.405792
-0.297825 0.771229 0.562589
0.076290 0.985057 -0.154407
0.129571 0.985058 -0.113457
-0.633737 0.771229 -0.059861
-0.608406 0.771228 0.187216
0.163127 0.985058 -0.055236
0.171849 0.985057 0.011394
0.947173 0.000000 0.320722
0.997809 0.000000 -0.066159
0.405792 0.771228 0.490449
-0.113458 0.985058 -0.129571
0.030558 0.949646 -0.311833
-0.017085 0.984978 0.171834
-0.065768 0.985121 0.158777
0.335301 0.481975 -0.809489
0.187216 0.771228 0.608405
-0.055236 0.985058 -0.163127
-0.032926 0.767349 -0.640383
0.011390 0.985058 0.171848
-0.086104 0.476373 0.875017
0.017085 0.984978 -0.171834
0.195884 0.832422 0.518366
0.037866 0.999169 0.015096
0.017225 0.984672 0.173562
0.075070 0.787708 0.611457
0.896538 0.000000 -0.442967
0.658776 0.000000 -0.752339
-0.752338 0.000000 -0.658777
-0.947173 0.000000 -0.320722
-0.442968 0.000000 -0.896537
-0.320722 0.000000 0.947173
-0.098017 0.000000 0.995185
-0.130620 0.000000 -0.991433
0.382683 0.000000 -0.923880
0.442968 0.000000 0.896537
0.752338 0.000000 0.658777
-0.997809 0.000000 0.066159
-0.896538 0.000000 0.442967
-0.658776 0.000000 0.752339
0.196101 0.826571 -0.527565
0.046185 0.788913 -0.612767
0.017225 0.984672 -0.173562
-0.044838 0.993112 0.108247
0.098017 0.000000 -0.995185
-0.037421 0.925547 0.376779
-0.144288 0.926196 0.348343
0.110886 0.531071 -0.840041
0.009329 0.989824 -0.141989
0.223445 0.717435 -0.659818
0.374653 0.533589 -0.758233
0.110886 0.531071 0.840041
0.323453 0.534401 0.780893
0.241168 0.776456 0.582198
0.037721 0.817890 0.574137
-0.000544 0.999169 -0.040760
0.406006 0.811800 -0.419690
0.377709 0.819331 -0.431316
0.636244 0.533697 -0.557100
-0.248855 0.925906 0.284199
0.513955 0.819375 -0.253920
0.800952 0.533784 -0.271202
-0.338672 0.925906 0.167333
0.015096 0.999169 -0.037866
0.563499 0.796302 -0.219938
0.571968 0.819399 -0.037923
0.843756 0.533805 0.055936
-0.376926 0.925906 0.024992
0.028438 0.999169 -0.029206
0.553869 0.832422 0.017396
-0.357799 0.925906 -0.121154
0.037449 0.999169 -0.016101
0.543115 0.811800 0.214492
0.542958 0.819391 0.183832
0.758159 0.533748 0.374578
0.431321 0.819356 0.377648
0.557146 0.533643 0.636249
-0.284199 0.925906 -0.248856
0.040761 0.999169 -0.000544
0.418838 0.796301 0.436439
-0.167333 0.925906 -0.338671
-0.037420 0.925547 -0.376780
0.098017 0.000000 0.995185
0.030558 0.949646 0.311833
-0.017085 0.984978 -0.171834
-0.083197 0.532512 0.842324
-0.047443 0.875822 0.480297
-0.183912 0.819293 0.543079
-0.374653 0.533589 0.758233
0.011634 0.993054 -0.117079
0.037421 0.925547 -0.376780
0.121154 0.925906 -0.357798
0.016101 0.999169 0.037450
-0.057774 0.810308 0.583149
-0.259015 0.811230 0.524229
0.000544 0.999169 0.040760
-0.403946 0.832422 0.379343
-0.377709 0.819330 0.431316
-0.636246 0.533696 0.557100
0.248855 0.925906 -0.284199
0.338672 0.925906 -0.167333
-0.015096 0.999169 0.037866
-0.563499 0.796302 0.219938
-0.513956 0.819375 0.253919
-0.800951 0.533785 0.271201
-0.571967 0.819400 0.037923
-0.843755 0.533807 -0.055935
0.376926 0.925906 -0.024992
-0.028438 0.999169 0.029206
-0.553869 0.832422 -0.017397
-0.037450 0.999169 0.016101
-0.543115 0.811800 -0.214492
-0.542957 0.819392 -0.183831
-0.758159 0.533748 -0.374579
0.357798 0.925906 0.121154
0.284198 0.925906 0.248855
-0.040761 0.999169 0.000543
-0.418838 0.796301 -0.436439
-0.431321 0.819355 -0.377649
-0.557147 0.533642 -0.636250
-0.253991 0.819311 -0.514021
-0.271262 0.533550 -0.801088
0.167332 0.925906 0.338670
-0.037866 0.999169 -0.015096
-0.195885 0.832422 -0.518366
-0.017410 0.999448 -0.028302
-0.062603 0.810194 -0.582810
-0.091552 0.714543 -0.693575
-0.055439 0.533537 -0.843958
0.049890 0.925042 0.376573
-0.231279 0.692812 0.683024
-0.071100 0.691846 0.718536
-0.509371 0.693601 0.509370
-0.665525 0.693601 0.275669
-0.720359 0.693602 -0.000000
-0.646509 0.692812 -0.319433
-0.509370 0.693601 -0.509372
-0.275670 0.693601 -0.665525
-0.047387 0.692822 -0.719550
0.094773 0.690480 -0.717116
0.319432 0.692812 -0.646510
0.542526 0.692812 -0.475055
0.665525 0.693602 -0.275669
0.720359 0.693601 0.000000
0.646509 0.692812 0.319433
0.509371 0.693601 0.509371
0.275669 0.693601 0.665525
0.047386 0.692822 0.719550
0.000000 -1.000000 0.000000
-0.088191 0.266817 -0.959704
0.096103 0.252212 -0.962888
0.088363 0.264335 -0.960374
-0.081342 0.259787 -0.962234
-0.689338 0.276793 0.669476
-0.624410 0.216261 0.750562
-0.841303 0.306109 0.445540
-0.873344 0.354598 0.333962
0.860642 0.329320 -0.388386
0.867921 0.342470 -0.359762
0.912526 0.357996 -0.197828
0.902128 0.375756 -0.212068
0.282244 0.213007 0.935396
0.409770 0.225894 0.883776
0.117533 0.255163 0.959728
0.054202 0.273498 0.960344
0.656378 0.249040 -0.712143
0.629990 0.251693 -0.734686
0.402346 0.221320 -0.888333
0.306131 0.203792 -0.929921
0.656481 0.250738 0.711452
0.685326 0.248305 0.684597
-0.088191 0.266817 0.959704
-0.376719 0.200288 0.904415
-0.350325 0.219878 0.910454
-0.081341 0.259787 0.962234
-0.860642 0.329320 -0.388386
-0.867921 0.342470 -0.359762
-0.704290 0.279945 -0.652385
-0.603236 0.224336 -0.765363
0.861527 0.326689 0.388646
0.846370 0.340984 0.409131
-0.912526 0.357996 -0.197828
-0.902128 0.375756 -0.212068
-0.912526 0.357996 0.197828
-0.902128 0.375756 0.212068
0.911777 0.359852 0.197912
0.907945 0.378179 0.180598
-0.282244 0.213007 -0.935396
-0.409769 0.225894 -0.883777
284
0 0 1 2 0 1 2 1
0 0 2 3 0 2 3 1
0 1 4 5 1 4 5 1
0 1 5 2 1 5 2 1
0 6 7 8 6 7 8 1
0 6 8 9 6 8 9 1
0 10 11 12 10 11 12 1
0 10 12 13 10 12 13 1
0 14 15 16 14 15 16 1
0 14 16 17 14 16 17 1
0 11 6 9 11 6 9 1
0 11 9 12 11 9 12 1
0 18 19 20 18 19 20 1
0 18 20 21 18 20 21 1
0 19 14 17 19 14 17 1
0 19 17 20 19 17 20 1
0 4 18 21 4 18 21 1
0 4 21 5 4 21 5 1
0 11 10 22 11 10 22 1
0 11 22 23 11 22 23 1
0 24 10 13 24 10 13 1
0 24 13 25 24 13 25 1
0 26 27 28 26 27 28 1
0 26 28 29 26 28 29 1
0 30 24 25 30 24 25 1
0 30 25 31 30 25 31 1
0 7 29 28 7 29 28 1
0 7 28 8 7 28 8 1
0 32 0 3 32 0 3 1
0 32 3 33 32 3 33 1
0 15 34 35 15 34 35 1
0 15 35 16 15 35 16 1
0 36 37 38 36 37 38 1
0 36 38 39 36 38 39 1
0 7 6 40 7 6 40 1
0 7 40 41 7 40 41 1
0 4 1 42 4 1 42 1
0 4 42 43 4 42 43 1
0 1 0 44 1 0 44 1
0 1 44 42 1 44 42 1
0 34 15 45 34 15 45 1
0 34 45 46 34 45 46 1
0 0 32 47 0 32 47 1
0 0 47 44 0 47 44 1
0 29 7 41 29 7 41 1
0 29 41 48 29 41 48 1
0 24 30 49 24 30 49 1
0 24 49 50 24 49 50 1
0 10 24 50 10 24 50 1
0 10 50 22 10 50 22 1
0 18 4 43 18 4 43 1
0 18 43 51 18 43 51 1
0 14 19 52 14 19 52 1
0 14 52 53 14 52 53 1
0 19 18 51 19 18 51 1
0 19 51 52 19 51 52 1
0 6 11 23 6 11 23 1
0 6 23 40 6 23 40 1
0 15 14 53 15 14 53 1
0 15 53 45 15 53 45 1
0 54 55 56 54 55 56 1
0 54 56 57 54 56 57 1
0 58 26 29 58 26 29 1
0 58 29 48 58 29 48 1
0 57 56 59 57 56 59 1
0 57 59 60 57 59 60 1
0 61 62 63 61 62 63 1
0 61 63 64 61 63 64 1
0 65 66 67 65 66 67 1
0 65 67 68 65 67 68 1
0 54 57 69 54 57 69 1
0 54 69 70 54 69 70 1
0 64 63 71 64 63 71 1
0 64 71 72 64 71 72 1
0 57 60 73 57 60 73 1
0 57 73 69 57 73 69 1
0 72 71 74 72 71 74 1
0 72 74 75 72 74 75 1
0 69 73 76 69 73 76 1
0 69 76 77 69 76 77 1
0 70 69 77 70 69 77 1
0 70 77 78 70 77 78 1
0 75 74 79 75 74 79 1
0 75 79 80 75 79 80 1
0 77 76 81 77 76 81 1
0 77 81 82 77 81 82 1
0 78 77 82 78 77 82 1
0 78 82 83 78 82 83 1
0 82 81 84 82 81 84 1
0 82 84 85 82 84 85 1
0 83 82 85 83 82 85 1
0 83 85 86 83 85 86 1
0 80 79 87 80 79 87 1
0 80 87 88 80 87 88 1
0 88 87 89 88 87 89 1
0 88 89 90 88 89 90 1
0 85 84 91 85 84 91 1
0 85 91 92 85 91 92 1
0 86 85 92 86 85 92 1
0 86 92 93 86 92 93 1
0 93 92 37 93 92 37 1
0 93 37 36 93 37 36 1
0 90 89 67 90 89 67 1
0 90 67 66 90 67 66 1
0 92 91 94 92 91 94 1
0 92 94 37 92 94 37 1
0 37 94 95 37 94 95 1
0 37 95 38 37 95 38 1
0 96 49 30 96 49 30 1
0 96 30 97 96 30 97 1
0 31 98 97 31 98 97 1
0 31 97 30 31 97 30 1
0 34 46 96 34 46 96 1
0 34 96 97 34 96 97 1
0 99 100 101 99 100 101 1
0 99 101 102 99 101 102 1
0 103 104 105 103 104 105 1
0 103 105 106 103 105 106 1
0 107 103 106 107 103 106 1
0 107 106 108 107 106 108 1
0 108 106 109 108 106 109 1
0 108 109 110 108 109 110 1
0 102 101 111 102 101 111 1
0 102 111 112 102 111 112 1
0 106 105 113 106 105 113 1
0 106 113 109 106 113 109 1
0 109 113 114 109 113 114 1
0 109 114 115 109 114 115 1
0 110 109 115 110 109 115 1
0 110 115 116 110 115 116 1
0 112 111 117 112 111 117 1
0 112 117 118 112 117 118 1
0 118 117 119 118 117 119 1
0 118 119 120 118 119 120 1
0 115 114 121 115 114 121 1
0 115 121 122 115 121 122 1
0 116 115 122 116 115 122 1
0 116 122 123 116 122 123 1
0 123 122 124 123 122 124 1
0 123 124 125 123 124 125 1
0 120 119 126 120 119 126 1
0 120 126 127 120 126 127 1
0 122 121 128 122 121 128 1
0 122 128 124 122 128 124 1
0 124 128 129 124 128 129 1
0 124 129 130 124 129 130 1
0 125 124 130 125 124 130 1
0 125 130 131 125 130 131 1
0 127 126 132 127 126 132 1
0 127 132 133 127 132 133 1
0 133 132 134 133 132 134 1
0 133 134 135 133 134 135 1
0 130 129 136 130 129 136 1
0 130 136 137 130 136 137 1
0 131 130 137 131 130 137 1
0 131 137 138 131 137 138 1
0 35 34 97 35 34 97 1
0 35 97 98 35 97 98 1
0 138 137 139 138 137 139 1
0 138 139 140 138 139 140 1
0 135 134 141 135 134 141 1
0 135 141 142 135 141 142 1
0 137 136 143 137 136 143 1
0 137 143 139 137 143 139 1
0 32 26 58 32 26 58 1
0 32 58 47 32 58 47 1
0 33 27 26 33 27 26 1
0 33 26 32 33 26 32 1
0 107 108 144 107 108 144 1
0 107 144 145 107 144 145 1
0 108 110 146 108 110 146 1
0 108 146 144 108 146 144 1
0 146 110 116 146 110 116 1
0 146 116 147 146 116 147 1
0 116 123 148 116 123 148 1
0 116 148 147 116 148 147 1
0 148 123 125 148 123 125 1
0 148 125 149 148 125 149 1
0 149 125 131 149 125 131 1
0 149 131 150 149 131 150 1
0 131 138 151 131 138 151 1
0 131 151 150 131 151 150 1
0 151 138 140 151 138 140 1
0 151 140 152 151 140 152 1
0 152 140 55 152 140 55 1
0 152 55 153 152 55 153 1
0 153 55 54 153 55 54 1
0 153 54 154 153 54 154 1
0 154 54 70 154 54 70 1
0 154 70 155 154 70 155 1
0 155 70 78 155 70 78 1
0 155 78 156 155 78 156 1
0 78 83 157 78 83 157 1
0 78 157 156 78 157 156 1
0 157 83 86 157 83 86 1
0 157 86 158 157 86 158 1
0 158 86 93 158 86 93 1
0 158 93 159 158 93 159 1
0 93 36 160 93 36 160 1
0 93 160 159 93 160 159 1
0 39 161 160 39 161 160 1
0 39 160 36 39 160 36 1
0 161 39 107 161 39 107 1
0 161 107 145 161 107 145 1
0 107 39 38 107 39 38 1
0 107 38 103 107 38 103 1
0 103 38 95 103 38 95 1
0 103 95 104 103 95 104 1
0 99 65 68 99 65 68 1
0 99 68 100 99 68 100 1
0 142 141 62 142 141 62 1
0 142 62 61 142 62 61 1
0 139 143 59 139 143 59 1
0 139 59 56 139 59 56 1
0 140 139 56 140 139 56 1
0 140 56 55 140 56 55 1
0 62 141 134 62 141 134 1
0 62 134 132 62 134 132 1
0 62 132 126 62 132 126 1
0 62 126 119 62 126 119 1
0 62 119 117 62 119 117 1
0 62 117 111 62 117 111 1
0 62 111 101 62 111 101 1
0 62 101 100 62 101 100 1
0 62 100 68 62 100 68 1
0 62 68 67 62 68 67 1
0 62 67 89 62 67 89 1
0 62 89 87 62 89 87 1
0 62 87 79 62 87 79 1
0 62 79 74 62 79 74 1
0 62 74 71 62 74 71 1
0 62 71 63 62 71 63 1
0 162 163 164 162 162 162 1
0 162 164 165 162 162 162 1
0 162 165 166 162 162 162 1
0 162 166 167 162 162 162 1
0 162 167 168 162 162 162 1
0 162 168 169 162 162 162 1
0 162 169 170 162 162 162 1
0 162 170 171 162 162 162 1
0 162 171 172 162 162 162 1
0 162 172 173 162 162 162 1
0 162 173 174 162 162 162 1
0 162 174 175 162 162 162 1
0 162 175 176 162 162 162 1
0 162 176 177 162 162 162 1
0 162 177 178 162 162 162 1
0 162 178 179 162 162 162 1
0 180 181 182 163 164 165 1
0 180 182 183 163 165 166 1
0 184 185 186 167 168 169 1
0 187 184 186 170 167 169 1
0 188 189 190 171 172 173 1
0 191 188 190 174 171 173 1
0 192 193 194 175 176 177 1
0 195 192 194 178 175 177 1
0 196 189 188 179 172 171 1
0 196 188 197 179 171 180 1
0 198 199 196 181 182 179 1
0 197 198 196 180 181 179 1
0 200 201 193 183 184 176 1
0 192 200 193 175 183 176 1
0 202 203 204 185 186 187 1
0 202 204 205 185 187 188 1
0 206 207 208 189 190 191 1
0 209 206 208 192 189 191 1
0 210 201 200 193 184 183 1
0 210 200 211 193 183 194 1
0 212 207 206 195 190 189 1
0 212 206 213 195 189 196 1
0 187 186 214 170 169 197 1
0 215 187 214 198 170 197 1
1 195 194 202 178 177 185 1
0 205 195 202 188 178 185 1
0 204 203 185 187 186 168 1
0 184 204 185 167 187 168 1
0 216 217 210 199 200 193 1
0 211 216 210 194 199 193 1
0 218 219 180 201 202 163 1
0 183 218 180 166 201 163 1
0 209 208 219 192 191 202 1
0 218 209 219 201 192 202 1
0 182 181 199 165 164 182 1
0 198 182 199 181 165 182 1

Materials: 1
"Material.020"
0.200000 0.200000 0.200000 1.000000
0.800000 0.800000 0.800000 1.000000
0.000000 0.000000 0.000000 1.000000
0.000000 0.000000 0.000000 1.000000
0.000000
1.000000
""
""

Bones: 0
GroupComments: 0
MaterialComments: 0
BoneComments: 0
ModelComment: 0
